<svg
  width="265"
  height="80"
  viewBox="0 0 265 80"
  fill="none"
  xmlns="http://www.w3.org/2000/svg"
>
  <g filter="url(#filter0_d_0_1)">
    <path
      d="M95.3523 37H86.8764V10.8182H95.6207C98.1861 10.8182 100.389 11.3423 102.23 12.3906C104.071 13.4304 105.482 14.9261 106.462 16.8778C107.45 18.821 107.945 21.152 107.945 23.8707C107.945 26.598 107.446 28.9418 106.449 30.902C105.46 32.8622 104.028 34.3707 102.153 35.4276C100.278 36.4759 98.0114 37 95.3523 37ZM90.8267 33.5483H95.1349C97.1293 33.5483 98.7869 33.1733 100.108 32.4233C101.429 31.6648 102.418 30.5696 103.074 29.1378C103.73 27.6974 104.058 25.9418 104.058 23.8707C104.058 21.8168 103.73 20.0739 103.074 18.642C102.426 17.2102 101.459 16.1236 100.172 15.3821C98.8849 14.6406 97.2869 14.2699 95.3778 14.2699H90.8267V33.5483ZM112.857 10.8182H117.651L125.986 31.1705H126.293L134.628 10.8182H139.422V37H135.664V18.054H135.421L127.699 36.9616H124.58L116.858 18.0412H116.615V37H112.857V10.8182ZM147.377 37H143.184L152.606 10.8182H157.17L166.592 37H162.398L154.996 15.5739H154.792L147.377 37ZM148.08 26.7472H161.683V30.071H148.08V26.7472Z"
      fill="black"
    />
  </g>
  <g filter="url(#filter1_d_0_1)">
    <path
      d="M88.4148 58H85.1186V47.8182H88.5192C89.5168 47.8182 90.3736 48.022 91.0895 48.4297C91.8054 48.834 92.3539 49.4157 92.7351 50.1747C93.1196 50.9304 93.3118 51.8369 93.3118 52.8942C93.3118 53.9548 93.1179 54.8662 92.7301 55.6286C92.3456 56.3909 91.7888 56.9775 91.0597 57.3885C90.3305 57.7962 89.4489 58 88.4148 58ZM86.6548 56.6577H88.3303C89.1058 56.6577 89.7505 56.5118 90.2642 56.2202C90.7779 55.9252 91.1624 55.4993 91.4176 54.9425C91.6728 54.3823 91.8004 53.6996 91.8004 52.8942C91.8004 52.0954 91.6728 51.4176 91.4176 50.8608C91.1657 50.304 90.7895 49.8814 90.2891 49.593C89.7886 49.3047 89.1671 49.1605 88.4247 49.1605H86.6548V56.6577ZM98.394 58.1541C97.6416 58.1541 96.9937 57.9934 96.4501 57.6719C95.9099 57.3471 95.4922 56.8913 95.1973 56.3047C94.9056 55.7147 94.7598 55.0237 94.7598 54.2315C94.7598 53.4493 94.9056 52.7599 95.1973 52.1634C95.4922 51.5668 95.9032 51.1011 96.4302 50.7663C96.9605 50.4316 97.5803 50.2642 98.2896 50.2642C98.7205 50.2642 99.1381 50.3355 99.5424 50.478C99.9468 50.6205 100.31 50.8442 100.631 51.1491C100.953 51.4541 101.206 51.8501 101.392 52.3374C101.577 52.8213 101.67 53.4096 101.67 54.1023V54.6293H95.6V53.5156H100.214C100.214 53.1245 100.134 52.7782 99.975 52.4766C99.8159 52.1716 99.5922 51.9313 99.3038 51.7557C99.0188 51.58 98.684 51.4922 98.2995 51.4922C97.8819 51.4922 97.5173 51.5949 97.2058 51.8004C96.8975 52.0026 96.6589 52.2678 96.4899 52.5959C96.3242 52.9207 96.2413 53.2737 96.2413 53.6548V54.5249C96.2413 55.0353 96.3308 55.4695 96.5098 55.8274C96.6921 56.1854 96.9456 56.4588 97.2704 56.6477C97.5952 56.8333 97.9747 56.9261 98.4089 56.9261C98.6906 56.9261 98.9475 56.8864 99.1795 56.8068C99.4115 56.724 99.612 56.6013 99.7811 56.4389C99.9501 56.2765 100.079 56.076 100.169 55.8374L101.576 56.0909C101.463 56.5052 101.261 56.8681 100.969 57.1797C100.681 57.4879 100.318 57.7282 99.8805 57.9006C99.4463 58.0696 98.9508 58.1541 98.394 58.1541ZM103.439 58V47.8182H104.925V51.6016H105.015C105.101 51.4425 105.225 51.2585 105.388 51.0497C105.55 50.8409 105.776 50.6586 106.064 50.5028C106.352 50.3438 106.733 50.2642 107.207 50.2642C107.824 50.2642 108.374 50.42 108.858 50.7315C109.342 51.0431 109.721 51.4922 109.996 52.0788C110.275 52.6655 110.414 53.3714 110.414 54.1967C110.414 55.022 110.277 55.7296 110.001 56.3196C109.726 56.9062 109.348 57.3587 108.868 57.6768C108.387 57.9917 107.839 58.1491 107.222 58.1491C106.758 58.1491 106.379 58.0713 106.084 57.9155C105.792 57.7597 105.563 57.5774 105.398 57.3686C105.232 57.1598 105.104 56.9742 105.015 56.8118H104.891V58H103.439ZM104.896 54.1818C104.896 54.7187 104.973 55.1894 105.129 55.5938C105.285 55.9981 105.51 56.3146 105.805 56.5433C106.1 56.7687 106.462 56.8814 106.889 56.8814C107.333 56.8814 107.705 56.7637 108.003 56.5284C108.301 56.2898 108.527 55.9666 108.679 55.5589C108.835 55.1513 108.913 54.6922 108.913 54.1818C108.913 53.678 108.836 53.2256 108.684 52.8246C108.535 52.4235 108.309 52.107 108.008 51.875C107.71 51.643 107.337 51.527 106.889 51.527C106.458 51.527 106.094 51.638 105.795 51.8601C105.5 52.0821 105.277 52.392 105.124 52.7898C104.972 53.1875 104.896 53.6515 104.896 54.1818ZM115.648 50.3636V51.5568H111.477V50.3636H115.648ZM112.595 48.5341H114.082V55.7578C114.082 56.0462 114.125 56.2633 114.211 56.4091C114.297 56.5516 114.408 56.6494 114.544 56.7024C114.683 56.7521 114.834 56.777 114.997 56.777C115.116 56.777 115.22 56.7687 115.31 56.7521C115.399 56.7356 115.469 56.7223 115.519 56.7124L115.787 57.9403C115.701 57.9735 115.578 58.0066 115.419 58.0398C115.26 58.0762 115.061 58.0961 114.823 58.0994C114.432 58.1061 114.067 58.0365 113.729 57.8906C113.391 57.7448 113.117 57.5194 112.909 57.2145C112.7 56.9096 112.595 56.5268 112.595 56.0661V48.5341ZM120.427 58.1541C119.711 58.1541 119.086 57.9901 118.553 57.6619C118.019 57.3338 117.605 56.8748 117.31 56.2848C117.015 55.6948 116.867 55.0054 116.867 54.2166C116.867 53.4245 117.015 52.7318 117.31 52.1385C117.605 51.5452 118.019 51.0845 118.553 50.7564C119.086 50.4283 119.711 50.2642 120.427 50.2642C121.143 50.2642 121.768 50.4283 122.301 50.7564C122.835 51.0845 123.249 51.5452 123.544 52.1385C123.839 52.7318 123.987 53.4245 123.987 54.2166C123.987 55.0054 123.839 55.6948 123.544 56.2848C123.249 56.8748 122.835 57.3338 122.301 57.6619C121.768 57.9901 121.143 58.1541 120.427 58.1541ZM120.432 56.9062C120.896 56.9062 121.28 56.7836 121.585 56.5384C121.89 56.2931 122.116 55.9666 122.261 55.5589C122.411 55.1513 122.485 54.7022 122.485 54.2116C122.485 53.7244 122.411 53.277 122.261 52.8693C122.116 52.4583 121.89 52.1286 121.585 51.88C121.28 51.6314 120.896 51.5071 120.432 51.5071C119.964 51.5071 119.577 51.6314 119.268 51.88C118.964 52.1286 118.737 52.4583 118.587 52.8693C118.442 53.277 118.369 53.7244 118.369 54.2116C118.369 54.7022 118.442 55.1513 118.587 55.5589C118.737 55.9666 118.964 56.2931 119.268 56.5384C119.577 56.7836 119.964 56.9062 120.432 56.9062ZM125.646 58V50.3636H127.083V51.5767H127.162C127.301 51.1657 127.547 50.8426 127.898 50.6072C128.253 50.3686 128.654 50.2493 129.101 50.2493C129.194 50.2493 129.303 50.2526 129.429 50.2592C129.558 50.2659 129.66 50.2741 129.732 50.2841V51.706C129.673 51.6894 129.567 51.6712 129.414 51.6513C129.262 51.6281 129.109 51.6165 128.957 51.6165C128.606 51.6165 128.292 51.6911 128.017 51.8402C127.745 51.986 127.53 52.1899 127.371 52.4517C127.212 52.7102 127.132 53.0052 127.132 53.3366V58H125.646ZM134.843 47.8182H136.708L139.949 55.733H140.068L143.31 47.8182H145.174V58H143.713V50.6321H143.618L140.615 57.9851H139.402L136.399 50.6271H136.305V58H134.843V47.8182ZM150.505 58.1541C149.789 58.1541 149.164 57.9901 148.631 57.6619C148.097 57.3338 147.683 56.8748 147.388 56.2848C147.093 55.6948 146.945 55.0054 146.945 54.2166C146.945 53.4245 147.093 52.7318 147.388 52.1385C147.683 51.5452 148.097 51.0845 148.631 50.7564C149.164 50.4283 149.789 50.2642 150.505 50.2642C151.221 50.2642 151.846 50.4283 152.379 50.7564C152.913 51.0845 153.327 51.5452 153.622 52.1385C153.917 52.7318 154.065 53.4245 154.065 54.2166C154.065 55.0054 153.917 55.6948 153.622 56.2848C153.327 56.8748 152.913 57.3338 152.379 57.6619C151.846 57.9901 151.221 58.1541 150.505 58.1541ZM150.51 56.9062C150.974 56.9062 151.358 56.7836 151.663 56.5384C151.968 56.2931 152.194 55.9666 152.339 55.5589C152.489 55.1513 152.563 54.7022 152.563 54.2116C152.563 53.7244 152.489 53.277 152.339 52.8693C152.194 52.4583 151.968 52.1286 151.663 51.88C151.358 51.6314 150.974 51.5071 150.51 51.5071C150.043 51.5071 149.655 51.6314 149.347 51.88C149.042 52.1286 148.815 52.4583 148.665 52.8693C148.52 53.277 148.447 53.7244 148.447 54.2116C148.447 54.7022 148.52 55.1513 148.665 55.5589C148.815 55.9666 149.042 56.2931 149.347 56.5384C149.655 56.7836 150.043 56.9062 150.51 56.9062ZM157.21 53.4659V58H155.724V50.3636H157.151V51.6065H157.245C157.421 51.2022 157.696 50.8774 158.07 50.6321C158.448 50.3868 158.924 50.2642 159.497 50.2642C160.018 50.2642 160.473 50.3736 160.865 50.5923C161.256 50.8078 161.559 51.1293 161.774 51.5568C161.99 51.9844 162.097 52.513 162.097 53.1428V58H160.611V53.3217C160.611 52.7682 160.467 52.3357 160.178 52.0241C159.89 51.7093 159.494 51.5518 158.99 51.5518C158.646 51.5518 158.339 51.6264 158.07 51.7756C157.805 51.9247 157.595 52.1435 157.439 52.4318C157.287 52.7169 157.21 53.0616 157.21 53.4659ZM164.091 58V50.3636H165.578V58H164.091ZM164.842 49.1854C164.583 49.1854 164.361 49.0992 164.176 48.9268C163.993 48.7512 163.902 48.5424 163.902 48.3004C163.902 48.0552 163.993 47.8464 164.176 47.674C164.361 47.4983 164.583 47.4105 164.842 47.4105C165.1 47.4105 165.321 47.4983 165.503 47.674C165.689 47.8464 165.781 48.0552 165.781 48.3004C165.781 48.5424 165.689 48.7512 165.503 48.9268C165.321 49.0992 165.1 49.1854 164.842 49.1854ZM171.142 50.3636V51.5568H166.971V50.3636H171.142ZM168.089 48.5341H169.576V55.7578C169.576 56.0462 169.619 56.2633 169.705 56.4091C169.791 56.5516 169.902 56.6494 170.038 56.7024C170.178 56.7521 170.328 56.777 170.491 56.777C170.61 56.777 170.714 56.7687 170.804 56.7521C170.893 56.7356 170.963 56.7223 171.013 56.7124L171.281 57.9403C171.195 57.9735 171.072 58.0066 170.913 58.0398C170.754 58.0762 170.555 58.0961 170.317 58.0994C169.926 58.1061 169.561 58.0365 169.223 57.8906C168.885 57.7448 168.612 57.5194 168.403 57.2145C168.194 56.9096 168.089 56.5268 168.089 56.0661V48.5341ZM175.921 58.1541C175.205 58.1541 174.58 57.9901 174.047 57.6619C173.513 57.3338 173.099 56.8748 172.804 56.2848C172.509 55.6948 172.361 55.0054 172.361 54.2166C172.361 53.4245 172.509 52.7318 172.804 52.1385C173.099 51.5452 173.513 51.0845 174.047 50.7564C174.58 50.4283 175.205 50.2642 175.921 50.2642C176.637 50.2642 177.262 50.4283 177.795 50.7564C178.329 51.0845 178.743 51.5452 179.038 52.1385C179.333 52.7318 179.481 53.4245 179.481 54.2166C179.481 55.0054 179.333 55.6948 179.038 56.2848C178.743 56.8748 178.329 57.3338 177.795 57.6619C177.262 57.9901 176.637 58.1541 175.921 58.1541ZM175.926 56.9062C176.39 56.9062 176.774 56.7836 177.079 56.5384C177.384 56.2931 177.61 55.9666 177.756 55.5589C177.905 55.1513 177.979 54.7022 177.979 54.2116C177.979 53.7244 177.905 53.277 177.756 52.8693C177.61 52.4583 177.384 52.1286 177.079 51.88C176.774 51.6314 176.39 51.5071 175.926 51.5071C175.459 51.5071 175.071 51.6314 174.763 51.88C174.458 52.1286 174.231 52.4583 174.081 52.8693C173.936 53.277 173.863 53.7244 173.863 54.2116C173.863 54.7022 173.936 55.1513 174.081 55.5589C174.231 55.9666 174.458 56.2931 174.763 56.5384C175.071 56.7836 175.459 56.9062 175.926 56.9062ZM181.14 58V50.3636H182.577V51.5767H182.656C182.795 51.1657 183.041 50.8426 183.392 50.6072C183.747 50.3686 184.148 50.2493 184.595 50.2493C184.688 50.2493 184.797 50.2526 184.923 50.2592C185.053 50.2659 185.154 50.2741 185.227 50.2841V51.706C185.167 51.6894 185.061 51.6712 184.908 51.6513C184.756 51.6281 184.603 51.6165 184.451 51.6165C184.1 51.6165 183.786 51.6911 183.511 51.8402C183.24 51.986 183.024 52.1899 182.865 52.4517C182.706 52.7102 182.626 53.0052 182.626 53.3366V58H181.14ZM186.513 58V50.3636H187.999V58H186.513ZM187.264 49.1854C187.005 49.1854 186.783 49.0992 186.597 48.9268C186.415 48.7512 186.324 48.5424 186.324 48.3004C186.324 48.0552 186.415 47.8464 186.597 47.674C186.783 47.4983 187.005 47.4105 187.264 47.4105C187.522 47.4105 187.743 47.4983 187.925 47.674C188.11 47.8464 188.203 48.0552 188.203 48.3004C188.203 48.5424 188.11 48.7512 187.925 48.9268C187.743 49.0992 187.522 49.1854 187.264 49.1854ZM191.486 53.4659V58H189.999V50.3636H191.426V51.6065H191.521C191.696 51.2022 191.971 50.8774 192.346 50.6321C192.724 50.3868 193.199 50.2642 193.773 50.2642C194.293 50.2642 194.749 50.3736 195.14 50.5923C195.531 50.8078 195.834 51.1293 196.05 51.5568C196.265 51.9844 196.373 52.513 196.373 53.1428V58H194.886V53.3217C194.886 52.7682 194.742 52.3357 194.454 52.0241C194.165 51.7093 193.769 51.5518 193.266 51.5518C192.921 51.5518 192.614 51.6264 192.346 51.7756C192.081 51.9247 191.87 52.1435 191.714 52.4318C191.562 52.7169 191.486 53.0616 191.486 53.4659ZM201.568 61.0227C200.962 61.0227 200.44 60.9432 200.002 60.7841C199.568 60.625 199.213 60.4145 198.938 60.1527C198.663 59.8909 198.458 59.6042 198.322 59.2926L199.599 58.7656C199.689 58.9115 199.808 59.0656 199.957 59.228C200.11 59.3937 200.315 59.5346 200.574 59.6506C200.836 59.7666 201.172 59.8246 201.583 59.8246C202.147 59.8246 202.612 59.687 202.98 59.4119C203.348 59.1402 203.532 58.706 203.532 58.1094V56.608H203.438C203.348 56.7704 203.219 56.951 203.05 57.1499C202.884 57.3487 202.655 57.5211 202.364 57.6669C202.072 57.8127 201.692 57.8857 201.225 57.8857C200.622 57.8857 200.078 57.7448 199.594 57.4631C199.114 57.178 198.733 56.7588 198.451 56.2053C198.173 55.6484 198.033 54.964 198.033 54.152C198.033 53.34 198.171 52.6439 198.446 52.0639C198.724 51.4839 199.106 51.0398 199.589 50.7315C200.073 50.42 200.622 50.2642 201.235 50.2642C201.709 50.2642 202.092 50.3438 202.384 50.5028C202.675 50.6586 202.902 50.8409 203.065 51.0497C203.23 51.2585 203.358 51.4425 203.447 51.6016H203.557V50.3636H205.013V58.169C205.013 58.8253 204.861 59.3639 204.556 59.7848C204.251 60.2057 203.839 60.5173 203.318 60.7195C202.801 60.9216 202.218 61.0227 201.568 61.0227ZM201.553 56.6527C201.981 56.6527 202.342 56.5533 202.637 56.3544C202.935 56.1522 203.161 55.8639 203.313 55.4893C203.469 55.1115 203.547 54.6591 203.547 54.1321C203.547 53.6184 203.471 53.166 203.318 52.7749C203.166 52.3838 202.942 52.0788 202.647 51.8601C202.352 51.638 201.987 51.527 201.553 51.527C201.106 51.527 200.733 51.643 200.435 51.875C200.136 52.1037 199.911 52.4152 199.759 52.8097C199.609 53.2041 199.535 53.6449 199.535 54.1321C199.535 54.6326 199.611 55.0717 199.763 55.4496C199.916 55.8274 200.141 56.1224 200.44 56.3345C200.741 56.5466 201.112 56.6527 201.553 56.6527ZM211.692 58H210.061L213.725 47.8182H215.5L219.164 58H217.533L214.655 49.6676H214.575L211.692 58ZM211.965 54.0128H217.255V55.3054H211.965V54.0128ZM223.594 61.0227C222.987 61.0227 222.465 60.9432 222.028 60.7841C221.593 60.625 221.239 60.4145 220.964 60.1527C220.689 59.8909 220.483 59.6042 220.347 59.2926L221.625 58.7656C221.714 58.9115 221.834 59.0656 221.983 59.228C222.135 59.3937 222.341 59.5346 222.599 59.6506C222.861 59.7666 223.198 59.8246 223.608 59.8246C224.172 59.8246 224.638 59.687 225.006 59.4119C225.373 59.1402 225.557 58.706 225.557 58.1094V56.608H225.463C225.373 56.7704 225.244 56.951 225.075 57.1499C224.909 57.3487 224.681 57.5211 224.389 57.6669C224.097 57.8127 223.718 57.8857 223.251 57.8857C222.647 57.8857 222.104 57.7448 221.62 57.4631C221.139 57.178 220.758 56.7588 220.476 56.2053C220.198 55.6484 220.059 54.964 220.059 54.152C220.059 53.34 220.196 52.6439 220.471 52.0639C220.75 51.4839 221.131 51.0398 221.615 50.7315C222.099 50.42 222.647 50.2642 223.26 50.2642C223.734 50.2642 224.117 50.3438 224.409 50.5028C224.701 50.6586 224.928 50.8409 225.09 51.0497C225.256 51.2585 225.383 51.4425 225.473 51.6016H225.582V50.3636H227.039V58.169C227.039 58.8253 226.886 59.3639 226.581 59.7848C226.277 60.2057 225.864 60.5173 225.344 60.7195C224.827 60.9216 224.243 61.0227 223.594 61.0227ZM223.579 56.6527C224.006 56.6527 224.367 56.5533 224.662 56.3544C224.961 56.1522 225.186 55.8639 225.339 55.4893C225.494 55.1115 225.572 54.6591 225.572 54.1321C225.572 53.6184 225.496 53.166 225.344 52.7749C225.191 52.3838 224.967 52.0788 224.672 51.8601C224.377 51.638 224.013 51.527 223.579 51.527C223.131 51.527 222.758 51.643 222.46 51.875C222.162 52.1037 221.936 52.4152 221.784 52.8097C221.635 53.2041 221.56 53.6449 221.56 54.1321C221.56 54.6326 221.636 55.0717 221.789 55.4496C221.941 55.8274 222.167 56.1224 222.465 56.3345C222.767 56.5466 223.138 56.6527 223.579 56.6527ZM232.324 58.1541C231.571 58.1541 230.923 57.9934 230.38 57.6719C229.84 57.3471 229.422 56.8913 229.127 56.3047C228.835 55.7147 228.689 55.0237 228.689 54.2315C228.689 53.4493 228.835 52.7599 229.127 52.1634C229.422 51.5668 229.833 51.1011 230.36 50.7663C230.89 50.4316 231.51 50.2642 232.219 50.2642C232.65 50.2642 233.068 50.3355 233.472 50.478C233.876 50.6205 234.239 50.8442 234.561 51.1491C234.882 51.4541 235.136 51.8501 235.322 52.3374C235.507 52.8213 235.6 53.4096 235.6 54.1023V54.6293H229.53V53.5156H234.143C234.143 53.1245 234.064 52.7782 233.905 52.4766C233.746 52.1716 233.522 51.9313 233.233 51.7557C232.948 51.58 232.614 51.4922 232.229 51.4922C231.812 51.4922 231.447 51.5949 231.135 51.8004C230.827 52.0026 230.589 52.2678 230.42 52.5959C230.254 52.9207 230.171 53.2737 230.171 53.6548V54.5249C230.171 55.0353 230.26 55.4695 230.439 55.8274C230.622 56.1854 230.875 56.4588 231.2 56.6477C231.525 56.8333 231.904 56.9261 232.339 56.9261C232.62 56.9261 232.877 56.8864 233.109 56.8068C233.341 56.724 233.542 56.6013 233.711 56.4389C233.88 56.2765 234.009 56.076 234.099 55.8374L235.506 56.0909C235.393 56.5052 235.191 56.8681 234.899 57.1797C234.611 57.4879 234.248 57.7282 233.81 57.9006C233.376 58.0696 232.881 58.1541 232.324 58.1541ZM238.736 53.4659V58H237.249V50.3636H238.676V51.6065H238.771C238.946 51.2022 239.221 50.8774 239.596 50.6321C239.974 50.3868 240.449 50.2642 241.023 50.2642C241.543 50.2642 241.999 50.3736 242.39 50.5923C242.781 50.8078 243.084 51.1293 243.3 51.5568C243.515 51.9844 243.623 52.513 243.623 53.1428V58H242.136V53.3217C242.136 52.7682 241.992 52.3357 241.704 52.0241C241.415 51.7093 241.019 51.5518 240.516 51.5518C240.171 51.5518 239.864 51.6264 239.596 51.7756C239.331 51.9247 239.12 52.1435 238.964 52.4318C238.812 52.7169 238.736 53.0616 238.736 53.4659ZM248.833 58.1541C248.094 58.1541 247.458 57.9867 246.924 57.652C246.394 57.3139 245.986 56.8482 245.701 56.255C245.416 55.6617 245.273 54.9822 245.273 54.2166C245.273 53.4411 245.419 52.7566 245.711 52.1634C246.003 51.5668 246.414 51.1011 246.944 50.7663C247.474 50.4316 248.099 50.2642 248.818 50.2642C249.398 50.2642 249.915 50.3719 250.369 50.5874C250.823 50.7995 251.19 51.0978 251.468 51.4822C251.75 51.8667 251.917 52.3158 251.97 52.8295H250.523C250.444 52.4716 250.262 52.1634 249.977 51.9048C249.695 51.6463 249.317 51.517 248.843 51.517C248.429 51.517 248.066 51.6264 247.754 51.8452C247.446 52.0606 247.206 52.3688 247.033 52.7699C246.861 53.1676 246.775 53.6383 246.775 54.1818C246.775 54.7386 246.859 55.2192 247.028 55.6236C247.197 56.0279 247.436 56.3411 247.744 56.5632C248.056 56.7853 248.422 56.8963 248.843 56.8963C249.125 56.8963 249.38 56.8449 249.609 56.7422C249.841 56.6361 250.035 56.4853 250.19 56.2898C250.349 56.0942 250.46 55.8589 250.523 55.5838H251.97C251.917 56.0777 251.756 56.5185 251.488 56.9062C251.219 57.294 250.86 57.599 250.409 57.821C249.962 58.0431 249.436 58.1541 248.833 58.1541ZM254.499 60.8636C254.277 60.8636 254.075 60.8454 253.893 60.8089C253.711 60.7758 253.575 60.7393 253.485 60.6996L253.843 59.4815C254.115 59.5545 254.357 59.5859 254.569 59.576C254.781 59.5661 254.968 59.4865 255.131 59.3374C255.297 59.1882 255.442 58.9446 255.568 58.6065L255.752 58.0994L252.958 50.3636H254.549L256.483 56.2898H256.563L258.497 50.3636H260.093L256.945 59.0192C256.8 59.4169 256.614 59.7533 256.389 60.0284C256.163 60.3068 255.895 60.5156 255.583 60.6548C255.272 60.794 254.91 60.8636 254.499 60.8636Z"
      fill="black"
    />
    <path
      d="M90.16 70.04H86.38V72H85.26V67.1L86.24 66.12H85.26V65.14H90.16V66.12H86.38V69.9L87.22 69.06H90.16V70.04ZM96.7433 71.02C96.7433 71.2907 96.6453 71.524 96.4493 71.72C96.2626 71.9067 96.0339 72 95.7633 72H92.8233C92.5526 72 92.3193 71.9067 92.1233 71.72C91.9366 71.524 91.8433 71.2907 91.8433 71.02V68.08C91.8433 67.8093 91.9366 67.5807 92.1233 67.394C92.3193 67.198 92.5526 67.1 92.8233 67.1H95.7633C96.0339 67.1 96.2626 67.198 96.4493 67.394C96.6453 67.5807 96.7433 67.8093 96.7433 68.08V71.02ZM95.7633 71.16V67.94H92.8233V71.16H95.7633ZM102.627 69.06H101.647V67.94H99.6866V72H98.7066V67.1H99.6866V67.8L100.387 67.1H101.647C101.917 67.1 102.146 67.198 102.333 67.394C102.529 67.5807 102.627 67.8093 102.627 68.08V69.06ZM110.954 67.1L110.1 67.94H107.734V69.06H109.694C109.965 69.06 110.194 69.158 110.38 69.354C110.576 69.5407 110.674 69.7693 110.674 70.04V71.02C110.674 71.2907 110.576 71.524 110.38 71.72C110.194 71.9067 109.965 72 109.694 72H106.754V71.16H109.694V69.9H107.734C107.464 69.9 107.23 69.8067 107.034 69.62C106.848 69.424 106.754 69.1907 106.754 68.92V68.08C106.754 67.8093 106.848 67.5807 107.034 67.394C107.23 67.198 107.464 67.1 107.734 67.1H110.954ZM116.619 67.1L115.765 67.94H113.399V71.16H116.339V72H113.399C113.129 72 112.895 71.9067 112.699 71.72C112.513 71.524 112.419 71.2907 112.419 71.02V68.08C112.419 67.8093 112.513 67.5807 112.699 67.394C112.895 67.198 113.129 67.1 113.399 67.1H116.619ZM122.641 72H121.661V67.94H118.721V72H117.741V64.86L118.721 63.88V67.8L119.421 67.1H121.661C121.932 67.1 122.16 67.198 122.347 67.394C122.543 67.5807 122.641 67.8093 122.641 68.08V72ZM129.501 71.02C129.501 71.2907 129.403 71.524 129.207 71.72C129.02 71.9067 128.792 72 128.521 72H125.581C125.31 72 125.077 71.9067 124.881 71.72C124.694 71.524 124.601 71.2907 124.601 71.02V68.08C124.601 67.8093 124.694 67.5807 124.881 67.394C125.077 67.198 125.31 67.1 125.581 67.1H128.521C128.792 67.1 129.02 67.198 129.207 67.394C129.403 67.5807 129.501 67.8093 129.501 68.08V71.02ZM128.521 71.16V67.94H125.581V71.16H128.521ZM136.364 71.02C136.364 71.2907 136.266 71.524 136.07 71.72C135.884 71.9067 135.655 72 135.384 72H132.444C132.174 72 131.94 71.9067 131.744 71.72C131.558 71.524 131.464 71.2907 131.464 71.02V68.08C131.464 67.8093 131.558 67.5807 131.744 67.394C131.94 67.198 132.174 67.1 132.444 67.1H135.384C135.655 67.1 135.884 67.198 136.07 67.394C136.266 67.5807 136.364 67.8093 136.364 68.08V71.02ZM135.384 71.16V67.94H132.444V71.16H135.384ZM139.448 72H138.468V64.86L139.448 63.88V72ZM145.544 67.1L144.69 67.94H142.324V69.06H144.284C144.555 69.06 144.784 69.158 144.97 69.354C145.166 69.5407 145.264 69.7693 145.264 70.04V71.02C145.264 71.2907 145.166 71.524 144.97 71.72C144.784 71.9067 144.555 72 144.284 72H141.344V71.16H144.284V69.9H142.324C142.054 69.9 141.82 69.8067 141.624 69.62C141.438 69.424 141.344 69.1907 141.344 68.92V68.08C141.344 67.8093 141.438 67.5807 141.624 67.394C141.82 67.198 142.054 67.1 142.324 67.1H145.544Z"
      fill="url(#paint0_linear_0_1)"
    />
  </g>
  <g filter="url(#filter2_d_0_1)">
    <path
      d="M45.9981 56.5394C46.0651 49.6358 44.3293 44.0219 42.1212 44.0001C39.913 43.9784 38.0687 49.5572 38.0019 56.4606C37.9349 63.3642 39.6707 68.9783 41.8788 68.9999C44.087 69.0217 45.9313 63.443 45.9981 56.5394Z"
      fill="#0500E6"
    />
    <path
      d="M45.9981 56.5394C46.0651 49.6358 44.3293 44.0219 42.1212 44.0001C39.913 43.9784 38.0687 49.5572 38.0019 56.4606C37.9349 63.3642 39.6707 68.9783 41.8788 68.9999C44.087 69.0217 45.9313 63.443 45.9981 56.5394Z"
      stroke="black"
      stroke-width="2"
      stroke-miterlimit="10"
    />
  </g>
  <g filter="url(#filter3_d_0_1)">
    <path
      d="M32.526 54.882C36.4909 48.6697 38.1264 42.5673 36.1791 41.2518C34.2316 39.9363 29.4388 43.9058 25.474 50.118C21.5091 56.3303 19.8736 62.4325 21.8209 63.7482C23.7684 65.0637 28.561 61.0942 32.526 54.882Z"
      fill="#0500E6"
    />
    <path
      d="M32.526 54.882C36.4909 48.6697 38.1264 42.5673 36.1791 41.2518C34.2316 39.9363 29.4388 43.9058 25.474 50.118C21.5091 56.3303 19.8736 62.4325 21.8209 63.7482C23.7684 65.0637 28.561 61.0942 32.526 54.882Z"
      stroke="black"
      stroke-width="2"
      stroke-miterlimit="10"
    />
  </g>
  <g filter="url(#filter4_d_0_1)">
    <path
      d="M21.7038 46.3151C28.2633 43.409 32.8179 39.3451 31.8769 37.238C30.936 35.1309 24.8557 35.7788 18.2962 38.6849C11.7368 41.591 7.18215 45.6549 8.12312 47.762C9.06408 49.8691 15.1444 49.2212 21.7038 46.3151Z"
      fill="#0500E6"
    />
    <path
      d="M21.7038 46.3151C28.2633 43.409 32.8179 39.3451 31.8769 37.238C30.936 35.1309 24.8557 35.7788 18.2962 38.6849C11.7368 41.591 7.18215 45.6549 8.12312 47.762C9.06408 49.8691 15.1444 49.2212 21.7038 46.3151Z"
      stroke="black"
      stroke-width="2"
      stroke-miterlimit="10"
    />
  </g>
  <g filter="url(#filter5_d_0_1)">
    <path
      d="M30.9837 31.4378C31.3397 29.1954 25.8152 26.51 18.6446 25.4398C11.4738 24.3695 5.37222 25.3199 5.01628 27.5623C4.66034 29.8047 10.1848 32.49 17.3556 33.5602C24.5262 34.6305 30.6279 33.6801 30.9837 31.4378Z"
      fill="#0500E6"
    />
    <path
      d="M30.9837 31.4378C31.3397 29.1954 25.8152 26.51 18.6446 25.4398C11.4738 24.3695 5.37222 25.3199 5.01628 27.5623C4.66034 29.8047 10.1848 32.49 17.3556 33.5602C24.5262 34.6305 30.6279 33.6801 30.9837 31.4378Z"
      stroke="black"
      stroke-width="2"
      stroke-miterlimit="10"
    />
  </g>
  <g filter="url(#filter6_d_0_1)">
    <path
      d="M33.6145 27.4523C35.128 25.749 32.0503 20.5838 26.7404 15.9157C21.4305 11.2475 15.899 8.84418 14.3855 10.5476C12.872 12.2511 15.9497 17.4163 21.2597 22.0844C26.5696 26.7526 32.1011 29.1558 33.6145 27.4523Z"
      fill="#0500E6"
    />
    <path
      d="M33.6145 27.4523C35.128 25.749 32.0503 20.5838 26.7404 15.9157C21.4305 11.2475 15.899 8.84418 14.3855 10.5476C12.872 12.2511 15.9497 17.4163 21.2597 22.0844C26.5696 26.7526 32.1011 29.1558 33.6145 27.4523Z"
      stroke="black"
      stroke-width="2"
      stroke-miterlimit="10"
    />
  </g>
  <g filter="url(#filter7_d_0_1)">
    <path
      d="M42.1274 24.9496C44.4106 24.3473 44.6375 18.509 42.6342 11.9095C40.6309 5.30992 37.1558 0.448158 34.8726 1.05043C32.5894 1.6527 32.3625 7.49093 34.3658 14.0906C36.3691 20.69 39.8442 25.5518 42.1274 24.9496Z"
      fill="#0500E6"
    />
    <path
      d="M42.1274 24.9496C44.4106 24.3473 44.6375 18.509 42.6342 11.9095C40.6309 5.30992 37.1558 0.448158 34.8726 1.05043C32.5894 1.6527 32.3625 7.49093 34.3658 14.0906C36.3691 20.69 39.8442 25.5518 42.1274 24.9496Z"
      stroke="black"
      stroke-width="2"
      stroke-miterlimit="10"
    />
  </g>
  <g filter="url(#filter8_d_0_1)">
    <path
      d="M56.3633 14.1723C58.6378 7.57707 58.5282 1.70571 56.1184 1.05828C53.7085 0.410826 49.9111 5.23246 47.6366 11.8277C45.3622 18.4229 45.4718 24.2943 47.8816 24.9417C50.2915 25.5891 54.0889 20.7676 56.3633 14.1723Z"
      fill="#0500E6"
    />
    <path
      d="M56.3633 14.1723C58.6378 7.57707 58.5282 1.70571 56.1184 1.05828C53.7085 0.410826 49.9111 5.23246 47.6366 11.8277C45.3622 18.4229 45.4718 24.2943 47.8816 24.9417C50.2915 25.5891 54.0889 20.7676 56.3633 14.1723Z"
      stroke="black"
      stroke-width="2"
      stroke-miterlimit="10"
    />
  </g>
  <g filter="url(#filter9_d_0_1)">
    <path
      d="M65.2738 22.1932C70.8654 17.5475 74.1563 12.3516 72.6242 10.5881C71.0922 8.82456 65.3175 11.1611 59.7261 15.8067C54.1346 20.4525 50.8438 25.6483 52.3758 27.4119C53.9077 29.1754 59.6825 26.839 65.2738 22.1932Z"
      fill="#0500E6"
    />
    <path
      d="M65.2738 22.1932C70.8654 17.5475 74.1563 12.3516 72.6242 10.5881C71.0922 8.82456 65.3175 11.1611 59.7261 15.8067C54.1346 20.4525 50.8438 25.6483 52.3758 27.4119C53.9077 29.1754 59.6825 26.839 65.2738 22.1932Z"
      stroke="black"
      stroke-width="2"
      stroke-miterlimit="10"
    />
  </g>
  <g filter="url(#filter10_d_0_1)">
    <path
      d="M66.5604 34.6937C73.7334 33.8475 79.2972 31.5077 78.9877 29.4677C78.6783 27.4277 72.6126 26.4601 65.4396 27.3062C58.2668 28.1525 52.7028 30.4922 53.0123 32.5323C53.3218 34.5722 59.3874 35.54 66.5604 34.6937Z"
      fill="#0500E6"
    />
    <path
      d="M66.5604 34.6937C73.7334 33.8475 79.2972 31.5077 78.9877 29.4677C78.6783 27.4277 72.6126 26.4601 65.4396 27.3062C58.2668 28.1525 52.7028 30.4922 53.0123 32.5323C53.3218 34.5722 59.3874 35.54 66.5604 34.6937Z"
      stroke="black"
      stroke-width="2"
      stroke-miterlimit="10"
    />
  </g>
  <g filter="url(#filter11_d_0_1)">
    <path
      d="M75.8636 48.8541C76.8539 46.8193 72.3452 42.7725 65.793 39.8155C59.241 36.8585 53.1267 36.111 52.1364 38.1458C51.1461 40.1808 55.6548 44.2275 62.207 47.1846C68.759 50.1414 74.8733 50.8891 75.8636 48.8541Z"
      fill="#0500E6"
    />
    <path
      d="M75.8636 48.8541C76.8539 46.8193 72.3452 42.7725 65.793 39.8155C59.241 36.8585 53.1267 36.111 52.1364 38.1458C51.1461 40.1808 55.6548 44.2275 62.207 47.1846C68.759 50.1414 74.8733 50.8891 75.8636 48.8541Z"
      stroke="black"
      stroke-width="2"
      stroke-miterlimit="10"
    />
  </g>
  <g filter="url(#filter12_d_0_1)">
    <path
      d="M62.1168 63.7785C64.1328 62.5714 62.5808 56.7671 58.6503 50.8143C54.7199 44.8615 49.8992 41.0145 47.8832 42.2215C45.8672 43.4285 47.4192 49.2328 51.3497 55.1856C55.2801 61.1384 60.1008 64.9856 62.1168 63.7785Z"
      fill="#0500E6"
    />
    <path
      d="M62.1168 63.7785C64.1328 62.5714 62.5808 56.7671 58.6503 50.8143C54.7199 44.8615 49.8992 41.0145 47.8832 42.2215C45.8672 43.4285 47.4192 49.2328 51.3497 55.1856C55.2801 61.1384 60.1008 64.9856 62.1168 63.7785Z"
      stroke="black"
      stroke-width="2"
      stroke-miterlimit="10"
    />
  </g>
  <g filter="url(#filter13_d_0_1)">
    <path
      d="M95.3523 37H86.8764V10.8182H95.6207C98.1861 10.8182 100.389 11.3423 102.23 12.3906C104.071 13.4304 105.482 14.9261 106.462 16.8778C107.45 18.821 107.945 21.152 107.945 23.8707C107.945 26.598 107.446 28.9418 106.449 30.902C105.46 32.8622 104.028 34.3707 102.153 35.4276C100.278 36.4759 98.0114 37 95.3523 37ZM90.8267 33.5483H95.1349C97.1293 33.5483 98.7869 33.1733 100.108 32.4233C101.429 31.6648 102.418 30.5696 103.074 29.1378C103.73 27.6974 104.058 25.9418 104.058 23.8707C104.058 21.8168 103.73 20.0739 103.074 18.642C102.426 17.2102 101.459 16.1236 100.172 15.3821C98.8849 14.6406 97.2869 14.2699 95.3778 14.2699H90.8267V33.5483ZM112.857 10.8182H117.651L125.986 31.1705H126.293L134.628 10.8182H139.422V37H135.664V18.054H135.421L127.699 36.9616H124.58L116.858 18.0412H116.615V37H112.857V10.8182ZM147.377 37H143.184L152.606 10.8182H157.17L166.592 37H162.398L154.996 15.5739H154.792L147.377 37ZM148.08 26.7472H161.683V30.071H148.08V26.7472Z"
      fill="black"
    />
  </g>
  <g filter="url(#filter14_d_0_1)">
    <path
      d="M88.4148 58H85.1186V47.8182H88.5192C89.5168 47.8182 90.3736 48.022 91.0895 48.4297C91.8054 48.834 92.3539 49.4157 92.7351 50.1747C93.1196 50.9304 93.3118 51.8369 93.3118 52.8942C93.3118 53.9548 93.1179 54.8662 92.7301 55.6286C92.3456 56.3909 91.7888 56.9775 91.0597 57.3885C90.3305 57.7962 89.4489 58 88.4148 58ZM86.6548 56.6577H88.3303C89.1058 56.6577 89.7505 56.5118 90.2642 56.2202C90.7779 55.9252 91.1624 55.4993 91.4176 54.9425C91.6728 54.3823 91.8004 53.6996 91.8004 52.8942C91.8004 52.0954 91.6728 51.4176 91.4176 50.8608C91.1657 50.304 90.7895 49.8814 90.2891 49.593C89.7886 49.3047 89.1671 49.1605 88.4247 49.1605H86.6548V56.6577ZM98.394 58.1541C97.6416 58.1541 96.9937 57.9934 96.4501 57.6719C95.9099 57.3471 95.4922 56.8913 95.1973 56.3047C94.9056 55.7147 94.7598 55.0237 94.7598 54.2315C94.7598 53.4493 94.9056 52.7599 95.1973 52.1634C95.4922 51.5668 95.9032 51.1011 96.4302 50.7663C96.9605 50.4316 97.5803 50.2642 98.2896 50.2642C98.7205 50.2642 99.1381 50.3355 99.5424 50.478C99.9468 50.6205 100.31 50.8442 100.631 51.1491C100.953 51.4541 101.206 51.8501 101.392 52.3374C101.577 52.8213 101.67 53.4096 101.67 54.1023V54.6293H95.6V53.5156H100.214C100.214 53.1245 100.134 52.7782 99.975 52.4766C99.8159 52.1716 99.5922 51.9313 99.3038 51.7557C99.0188 51.58 98.684 51.4922 98.2995 51.4922C97.8819 51.4922 97.5173 51.5949 97.2058 51.8004C96.8975 52.0026 96.6589 52.2678 96.4899 52.5959C96.3242 52.9207 96.2413 53.2737 96.2413 53.6548V54.5249C96.2413 55.0353 96.3308 55.4695 96.5098 55.8274C96.6921 56.1854 96.9456 56.4588 97.2704 56.6477C97.5952 56.8333 97.9747 56.9261 98.4089 56.9261C98.6906 56.9261 98.9475 56.8864 99.1795 56.8068C99.4115 56.724 99.612 56.6013 99.7811 56.4389C99.9501 56.2765 100.079 56.076 100.169 55.8374L101.576 56.0909C101.463 56.5052 101.261 56.8681 100.969 57.1797C100.681 57.4879 100.318 57.7282 99.8805 57.9006C99.4463 58.0696 98.9508 58.1541 98.394 58.1541ZM103.439 58V47.8182H104.925V51.6016H105.015C105.101 51.4425 105.225 51.2585 105.388 51.0497C105.55 50.8409 105.776 50.6586 106.064 50.5028C106.352 50.3438 106.733 50.2642 107.207 50.2642C107.824 50.2642 108.374 50.42 108.858 50.7315C109.342 51.0431 109.721 51.4922 109.996 52.0788C110.275 52.6655 110.414 53.3714 110.414 54.1967C110.414 55.022 110.277 55.7296 110.001 56.3196C109.726 56.9062 109.348 57.3587 108.868 57.6768C108.387 57.9917 107.839 58.1491 107.222 58.1491C106.758 58.1491 106.379 58.0713 106.084 57.9155C105.792 57.7597 105.563 57.5774 105.398 57.3686C105.232 57.1598 105.104 56.9742 105.015 56.8118H104.891V58H103.439ZM104.896 54.1818C104.896 54.7187 104.973 55.1894 105.129 55.5938C105.285 55.9981 105.51 56.3146 105.805 56.5433C106.1 56.7687 106.462 56.8814 106.889 56.8814C107.333 56.8814 107.705 56.7637 108.003 56.5284C108.301 56.2898 108.527 55.9666 108.679 55.5589C108.835 55.1513 108.913 54.6922 108.913 54.1818C108.913 53.678 108.836 53.2256 108.684 52.8246C108.535 52.4235 108.309 52.107 108.008 51.875C107.71 51.643 107.337 51.527 106.889 51.527C106.458 51.527 106.094 51.638 105.795 51.8601C105.5 52.0821 105.277 52.392 105.124 52.7898C104.972 53.1875 104.896 53.6515 104.896 54.1818ZM115.648 50.3636V51.5568H111.477V50.3636H115.648ZM112.595 48.5341H114.082V55.7578C114.082 56.0462 114.125 56.2633 114.211 56.4091C114.297 56.5516 114.408 56.6494 114.544 56.7024C114.683 56.7521 114.834 56.777 114.997 56.777C115.116 56.777 115.22 56.7687 115.31 56.7521C115.399 56.7356 115.469 56.7223 115.519 56.7124L115.787 57.9403C115.701 57.9735 115.578 58.0066 115.419 58.0398C115.26 58.0762 115.061 58.0961 114.823 58.0994C114.432 58.1061 114.067 58.0365 113.729 57.8906C113.391 57.7448 113.117 57.5194 112.909 57.2145C112.7 56.9096 112.595 56.5268 112.595 56.0661V48.5341ZM120.427 58.1541C119.711 58.1541 119.086 57.9901 118.553 57.6619C118.019 57.3338 117.605 56.8748 117.31 56.2848C117.015 55.6948 116.867 55.0054 116.867 54.2166C116.867 53.4245 117.015 52.7318 117.31 52.1385C117.605 51.5452 118.019 51.0845 118.553 50.7564C119.086 50.4283 119.711 50.2642 120.427 50.2642C121.143 50.2642 121.768 50.4283 122.301 50.7564C122.835 51.0845 123.249 51.5452 123.544 52.1385C123.839 52.7318 123.987 53.4245 123.987 54.2166C123.987 55.0054 123.839 55.6948 123.544 56.2848C123.249 56.8748 122.835 57.3338 122.301 57.6619C121.768 57.9901 121.143 58.1541 120.427 58.1541ZM120.432 56.9062C120.896 56.9062 121.28 56.7836 121.585 56.5384C121.89 56.2931 122.116 55.9666 122.261 55.5589C122.411 55.1513 122.485 54.7022 122.485 54.2116C122.485 53.7244 122.411 53.277 122.261 52.8693C122.116 52.4583 121.89 52.1286 121.585 51.88C121.28 51.6314 120.896 51.5071 120.432 51.5071C119.964 51.5071 119.577 51.6314 119.268 51.88C118.964 52.1286 118.737 52.4583 118.587 52.8693C118.442 53.277 118.369 53.7244 118.369 54.2116C118.369 54.7022 118.442 55.1513 118.587 55.5589C118.737 55.9666 118.964 56.2931 119.268 56.5384C119.577 56.7836 119.964 56.9062 120.432 56.9062ZM125.646 58V50.3636H127.083V51.5767H127.162C127.301 51.1657 127.547 50.8426 127.898 50.6072C128.253 50.3686 128.654 50.2493 129.101 50.2493C129.194 50.2493 129.303 50.2526 129.429 50.2592C129.558 50.2659 129.66 50.2741 129.732 50.2841V51.706C129.673 51.6894 129.567 51.6712 129.414 51.6513C129.262 51.6281 129.109 51.6165 128.957 51.6165C128.606 51.6165 128.292 51.6911 128.017 51.8402C127.745 51.986 127.53 52.1899 127.371 52.4517C127.212 52.7102 127.132 53.0052 127.132 53.3366V58H125.646ZM134.843 47.8182H136.708L139.949 55.733H140.068L143.31 47.8182H145.174V58H143.713V50.6321H143.618L140.615 57.9851H139.402L136.399 50.6271H136.305V58H134.843V47.8182ZM150.505 58.1541C149.789 58.1541 149.164 57.9901 148.631 57.6619C148.097 57.3338 147.683 56.8748 147.388 56.2848C147.093 55.6948 146.945 55.0054 146.945 54.2166C146.945 53.4245 147.093 52.7318 147.388 52.1385C147.683 51.5452 148.097 51.0845 148.631 50.7564C149.164 50.4283 149.789 50.2642 150.505 50.2642C151.221 50.2642 151.846 50.4283 152.379 50.7564C152.913 51.0845 153.327 51.5452 153.622 52.1385C153.917 52.7318 154.065 53.4245 154.065 54.2166C154.065 55.0054 153.917 55.6948 153.622 56.2848C153.327 56.8748 152.913 57.3338 152.379 57.6619C151.846 57.9901 151.221 58.1541 150.505 58.1541ZM150.51 56.9062C150.974 56.9062 151.358 56.7836 151.663 56.5384C151.968 56.2931 152.194 55.9666 152.339 55.5589C152.489 55.1513 152.563 54.7022 152.563 54.2116C152.563 53.7244 152.489 53.277 152.339 52.8693C152.194 52.4583 151.968 52.1286 151.663 51.88C151.358 51.6314 150.974 51.5071 150.51 51.5071C150.043 51.5071 149.655 51.6314 149.347 51.88C149.042 52.1286 148.815 52.4583 148.665 52.8693C148.52 53.277 148.447 53.7244 148.447 54.2116C148.447 54.7022 148.52 55.1513 148.665 55.5589C148.815 55.9666 149.042 56.2931 149.347 56.5384C149.655 56.7836 150.043 56.9062 150.51 56.9062ZM157.21 53.4659V58H155.724V50.3636H157.151V51.6065H157.245C157.421 51.2022 157.696 50.8774 158.07 50.6321C158.448 50.3868 158.924 50.2642 159.497 50.2642C160.018 50.2642 160.473 50.3736 160.865 50.5923C161.256 50.8078 161.559 51.1293 161.774 51.5568C161.99 51.9844 162.097 52.513 162.097 53.1428V58H160.611V53.3217C160.611 52.7682 160.467 52.3357 160.178 52.0241C159.89 51.7093 159.494 51.5518 158.99 51.5518C158.646 51.5518 158.339 51.6264 158.07 51.7756C157.805 51.9247 157.595 52.1435 157.439 52.4318C157.287 52.7169 157.21 53.0616 157.21 53.4659ZM164.091 58V50.3636H165.578V58H164.091ZM164.842 49.1854C164.583 49.1854 164.361 49.0992 164.176 48.9268C163.993 48.7512 163.902 48.5424 163.902 48.3004C163.902 48.0552 163.993 47.8464 164.176 47.674C164.361 47.4983 164.583 47.4105 164.842 47.4105C165.1 47.4105 165.321 47.4983 165.503 47.674C165.689 47.8464 165.781 48.0552 165.781 48.3004C165.781 48.5424 165.689 48.7512 165.503 48.9268C165.321 49.0992 165.1 49.1854 164.842 49.1854ZM171.142 50.3636V51.5568H166.971V50.3636H171.142ZM168.089 48.5341H169.576V55.7578C169.576 56.0462 169.619 56.2633 169.705 56.4091C169.791 56.5516 169.902 56.6494 170.038 56.7024C170.178 56.7521 170.328 56.777 170.491 56.777C170.61 56.777 170.714 56.7687 170.804 56.7521C170.893 56.7356 170.963 56.7223 171.013 56.7124L171.281 57.9403C171.195 57.9735 171.072 58.0066 170.913 58.0398C170.754 58.0762 170.555 58.0961 170.317 58.0994C169.926 58.1061 169.561 58.0365 169.223 57.8906C168.885 57.7448 168.612 57.5194 168.403 57.2145C168.194 56.9096 168.089 56.5268 168.089 56.0661V48.5341ZM175.921 58.1541C175.205 58.1541 174.58 57.9901 174.047 57.6619C173.513 57.3338 173.099 56.8748 172.804 56.2848C172.509 55.6948 172.361 55.0054 172.361 54.2166C172.361 53.4245 172.509 52.7318 172.804 52.1385C173.099 51.5452 173.513 51.0845 174.047 50.7564C174.58 50.4283 175.205 50.2642 175.921 50.2642C176.637 50.2642 177.262 50.4283 177.795 50.7564C178.329 51.0845 178.743 51.5452 179.038 52.1385C179.333 52.7318 179.481 53.4245 179.481 54.2166C179.481 55.0054 179.333 55.6948 179.038 56.2848C178.743 56.8748 178.329 57.3338 177.795 57.6619C177.262 57.9901 176.637 58.1541 175.921 58.1541ZM175.926 56.9062C176.39 56.9062 176.774 56.7836 177.079 56.5384C177.384 56.2931 177.61 55.9666 177.756 55.5589C177.905 55.1513 177.979 54.7022 177.979 54.2116C177.979 53.7244 177.905 53.277 177.756 52.8693C177.61 52.4583 177.384 52.1286 177.079 51.88C176.774 51.6314 176.39 51.5071 175.926 51.5071C175.459 51.5071 175.071 51.6314 174.763 51.88C174.458 52.1286 174.231 52.4583 174.081 52.8693C173.936 53.277 173.863 53.7244 173.863 54.2116C173.863 54.7022 173.936 55.1513 174.081 55.5589C174.231 55.9666 174.458 56.2931 174.763 56.5384C175.071 56.7836 175.459 56.9062 175.926 56.9062ZM181.14 58V50.3636H182.577V51.5767H182.656C182.795 51.1657 183.041 50.8426 183.392 50.6072C183.747 50.3686 184.148 50.2493 184.595 50.2493C184.688 50.2493 184.797 50.2526 184.923 50.2592C185.053 50.2659 185.154 50.2741 185.227 50.2841V51.706C185.167 51.6894 185.061 51.6712 184.908 51.6513C184.756 51.6281 184.603 51.6165 184.451 51.6165C184.1 51.6165 183.786 51.6911 183.511 51.8402C183.24 51.986 183.024 52.1899 182.865 52.4517C182.706 52.7102 182.626 53.0052 182.626 53.3366V58H181.14ZM186.513 58V50.3636H187.999V58H186.513ZM187.264 49.1854C187.005 49.1854 186.783 49.0992 186.597 48.9268C186.415 48.7512 186.324 48.5424 186.324 48.3004C186.324 48.0552 186.415 47.8464 186.597 47.674C186.783 47.4983 187.005 47.4105 187.264 47.4105C187.522 47.4105 187.743 47.4983 187.925 47.674C188.11 47.8464 188.203 48.0552 188.203 48.3004C188.203 48.5424 188.11 48.7512 187.925 48.9268C187.743 49.0992 187.522 49.1854 187.264 49.1854ZM191.486 53.4659V58H189.999V50.3636H191.426V51.6065H191.521C191.696 51.2022 191.971 50.8774 192.346 50.6321C192.724 50.3868 193.199 50.2642 193.773 50.2642C194.293 50.2642 194.749 50.3736 195.14 50.5923C195.531 50.8078 195.834 51.1293 196.05 51.5568C196.265 51.9844 196.373 52.513 196.373 53.1428V58H194.886V53.3217C194.886 52.7682 194.742 52.3357 194.454 52.0241C194.165 51.7093 193.769 51.5518 193.266 51.5518C192.921 51.5518 192.614 51.6264 192.346 51.7756C192.081 51.9247 191.87 52.1435 191.714 52.4318C191.562 52.7169 191.486 53.0616 191.486 53.4659ZM201.568 61.0227C200.962 61.0227 200.44 60.9432 200.002 60.7841C199.568 60.625 199.213 60.4145 198.938 60.1527C198.663 59.8909 198.458 59.6042 198.322 59.2926L199.599 58.7656C199.689 58.9115 199.808 59.0656 199.957 59.228C200.11 59.3937 200.315 59.5346 200.574 59.6506C200.836 59.7666 201.172 59.8246 201.583 59.8246C202.147 59.8246 202.612 59.687 202.98 59.4119C203.348 59.1402 203.532 58.706 203.532 58.1094V56.608H203.438C203.348 56.7704 203.219 56.951 203.05 57.1499C202.884 57.3487 202.655 57.5211 202.364 57.6669C202.072 57.8127 201.692 57.8857 201.225 57.8857C200.622 57.8857 200.078 57.7448 199.594 57.4631C199.114 57.178 198.733 56.7588 198.451 56.2053C198.173 55.6484 198.033 54.964 198.033 54.152C198.033 53.34 198.171 52.6439 198.446 52.0639C198.724 51.4839 199.106 51.0398 199.589 50.7315C200.073 50.42 200.622 50.2642 201.235 50.2642C201.709 50.2642 202.092 50.3438 202.384 50.5028C202.675 50.6586 202.902 50.8409 203.065 51.0497C203.23 51.2585 203.358 51.4425 203.447 51.6016H203.557V50.3636H205.013V58.169C205.013 58.8253 204.861 59.3639 204.556 59.7848C204.251 60.2057 203.839 60.5173 203.318 60.7195C202.801 60.9216 202.218 61.0227 201.568 61.0227ZM201.553 56.6527C201.981 56.6527 202.342 56.5533 202.637 56.3544C202.935 56.1522 203.161 55.8639 203.313 55.4893C203.469 55.1115 203.547 54.6591 203.547 54.1321C203.547 53.6184 203.471 53.166 203.318 52.7749C203.166 52.3838 202.942 52.0788 202.647 51.8601C202.352 51.638 201.987 51.527 201.553 51.527C201.106 51.527 200.733 51.643 200.435 51.875C200.136 52.1037 199.911 52.4152 199.759 52.8097C199.609 53.2041 199.535 53.6449 199.535 54.1321C199.535 54.6326 199.611 55.0717 199.763 55.4496C199.916 55.8274 200.141 56.1224 200.44 56.3345C200.741 56.5466 201.112 56.6527 201.553 56.6527ZM211.692 58H210.061L213.725 47.8182H215.5L219.164 58H217.533L214.655 49.6676H214.575L211.692 58ZM211.965 54.0128H217.255V55.3054H211.965V54.0128ZM223.594 61.0227C222.987 61.0227 222.465 60.9432 222.028 60.7841C221.593 60.625 221.239 60.4145 220.964 60.1527C220.689 59.8909 220.483 59.6042 220.347 59.2926L221.625 58.7656C221.714 58.9115 221.834 59.0656 221.983 59.228C222.135 59.3937 222.341 59.5346 222.599 59.6506C222.861 59.7666 223.198 59.8246 223.608 59.8246C224.172 59.8246 224.638 59.687 225.006 59.4119C225.373 59.1402 225.557 58.706 225.557 58.1094V56.608H225.463C225.373 56.7704 225.244 56.951 225.075 57.1499C224.909 57.3487 224.681 57.5211 224.389 57.6669C224.097 57.8127 223.718 57.8857 223.251 57.8857C222.647 57.8857 222.104 57.7448 221.62 57.4631C221.139 57.178 220.758 56.7588 220.476 56.2053C220.198 55.6484 220.059 54.964 220.059 54.152C220.059 53.34 220.196 52.6439 220.471 52.0639C220.75 51.4839 221.131 51.0398 221.615 50.7315C222.099 50.42 222.647 50.2642 223.26 50.2642C223.734 50.2642 224.117 50.3438 224.409 50.5028C224.701 50.6586 224.928 50.8409 225.09 51.0497C225.256 51.2585 225.383 51.4425 225.473 51.6016H225.582V50.3636H227.039V58.169C227.039 58.8253 226.886 59.3639 226.581 59.7848C226.277 60.2057 225.864 60.5173 225.344 60.7195C224.827 60.9216 224.243 61.0227 223.594 61.0227ZM223.579 56.6527C224.006 56.6527 224.367 56.5533 224.662 56.3544C224.961 56.1522 225.186 55.8639 225.339 55.4893C225.494 55.1115 225.572 54.6591 225.572 54.1321C225.572 53.6184 225.496 53.166 225.344 52.7749C225.191 52.3838 224.967 52.0788 224.672 51.8601C224.377 51.638 224.013 51.527 223.579 51.527C223.131 51.527 222.758 51.643 222.46 51.875C222.162 52.1037 221.936 52.4152 221.784 52.8097C221.635 53.2041 221.56 53.6449 221.56 54.1321C221.56 54.6326 221.636 55.0717 221.789 55.4496C221.941 55.8274 222.167 56.1224 222.465 56.3345C222.767 56.5466 223.138 56.6527 223.579 56.6527ZM232.324 58.1541C231.571 58.1541 230.923 57.9934 230.38 57.6719C229.84 57.3471 229.422 56.8913 229.127 56.3047C228.835 55.7147 228.689 55.0237 228.689 54.2315C228.689 53.4493 228.835 52.7599 229.127 52.1634C229.422 51.5668 229.833 51.1011 230.36 50.7663C230.89 50.4316 231.51 50.2642 232.219 50.2642C232.65 50.2642 233.068 50.3355 233.472 50.478C233.876 50.6205 234.239 50.8442 234.561 51.1491C234.882 51.4541 235.136 51.8501 235.322 52.3374C235.507 52.8213 235.6 53.4096 235.6 54.1023V54.6293H229.53V53.5156H234.143C234.143 53.1245 234.064 52.7782 233.905 52.4766C233.746 52.1716 233.522 51.9313 233.233 51.7557C232.948 51.58 232.614 51.4922 232.229 51.4922C231.812 51.4922 231.447 51.5949 231.135 51.8004C230.827 52.0026 230.589 52.2678 230.42 52.5959C230.254 52.9207 230.171 53.2737 230.171 53.6548V54.5249C230.171 55.0353 230.26 55.4695 230.439 55.8274C230.622 56.1854 230.875 56.4588 231.2 56.6477C231.525 56.8333 231.904 56.9261 232.339 56.9261C232.62 56.9261 232.877 56.8864 233.109 56.8068C233.341 56.724 233.542 56.6013 233.711 56.4389C233.88 56.2765 234.009 56.076 234.099 55.8374L235.506 56.0909C235.393 56.5052 235.191 56.8681 234.899 57.1797C234.611 57.4879 234.248 57.7282 233.81 57.9006C233.376 58.0696 232.881 58.1541 232.324 58.1541ZM238.736 53.4659V58H237.249V50.3636H238.676V51.6065H238.771C238.946 51.2022 239.221 50.8774 239.596 50.6321C239.974 50.3868 240.449 50.2642 241.023 50.2642C241.543 50.2642 241.999 50.3736 242.39 50.5923C242.781 50.8078 243.084 51.1293 243.3 51.5568C243.515 51.9844 243.623 52.513 243.623 53.1428V58H242.136V53.3217C242.136 52.7682 241.992 52.3357 241.704 52.0241C241.415 51.7093 241.019 51.5518 240.516 51.5518C240.171 51.5518 239.864 51.6264 239.596 51.7756C239.331 51.9247 239.12 52.1435 238.964 52.4318C238.812 52.7169 238.736 53.0616 238.736 53.4659ZM248.833 58.1541C248.094 58.1541 247.458 57.9867 246.924 57.652C246.394 57.3139 245.986 56.8482 245.701 56.255C245.416 55.6617 245.273 54.9822 245.273 54.2166C245.273 53.4411 245.419 52.7566 245.711 52.1634C246.003 51.5668 246.414 51.1011 246.944 50.7663C247.474 50.4316 248.099 50.2642 248.818 50.2642C249.398 50.2642 249.915 50.3719 250.369 50.5874C250.823 50.7995 251.19 51.0978 251.468 51.4822C251.75 51.8667 251.917 52.3158 251.97 52.8295H250.523C250.444 52.4716 250.262 52.1634 249.977 51.9048C249.695 51.6463 249.317 51.517 248.843 51.517C248.429 51.517 248.066 51.6264 247.754 51.8452C247.446 52.0606 247.206 52.3688 247.033 52.7699C246.861 53.1676 246.775 53.6383 246.775 54.1818C246.775 54.7386 246.859 55.2192 247.028 55.6236C247.197 56.0279 247.436 56.3411 247.744 56.5632C248.056 56.7853 248.422 56.8963 248.843 56.8963C249.125 56.8963 249.38 56.8449 249.609 56.7422C249.841 56.6361 250.035 56.4853 250.19 56.2898C250.349 56.0942 250.46 55.8589 250.523 55.5838H251.97C251.917 56.0777 251.756 56.5185 251.488 56.9062C251.219 57.294 250.86 57.599 250.409 57.821C249.962 58.0431 249.436 58.1541 248.833 58.1541ZM254.499 60.8636C254.277 60.8636 254.075 60.8454 253.893 60.8089C253.711 60.7758 253.575 60.7393 253.485 60.6996L253.843 59.4815C254.115 59.5545 254.357 59.5859 254.569 59.576C254.781 59.5661 254.968 59.4865 255.131 59.3374C255.297 59.1882 255.442 58.9446 255.568 58.6065L255.752 58.0994L252.958 50.3636H254.549L256.483 56.2898H256.563L258.497 50.3636H260.093L256.945 59.0192C256.8 59.4169 256.614 59.7533 256.389 60.0284C256.163 60.3068 255.895 60.5156 255.583 60.6548C255.272 60.794 254.91 60.8636 254.499 60.8636Z"
      fill="black"
    />
    <path
      d="M90.16 70.04H86.38V72H85.26V67.1L86.24 66.12H85.26V65.14H90.16V66.12H86.38V69.9L87.22 69.06H90.16V70.04ZM96.7433 71.02C96.7433 71.2907 96.6453 71.524 96.4493 71.72C96.2626 71.9067 96.0339 72 95.7633 72H92.8233C92.5526 72 92.3193 71.9067 92.1233 71.72C91.9366 71.524 91.8433 71.2907 91.8433 71.02V68.08C91.8433 67.8093 91.9366 67.5807 92.1233 67.394C92.3193 67.198 92.5526 67.1 92.8233 67.1H95.7633C96.0339 67.1 96.2626 67.198 96.4493 67.394C96.6453 67.5807 96.7433 67.8093 96.7433 68.08V71.02ZM95.7633 71.16V67.94H92.8233V71.16H95.7633ZM102.627 69.06H101.647V67.94H99.6866V72H98.7066V67.1H99.6866V67.8L100.387 67.1H101.647C101.917 67.1 102.146 67.198 102.333 67.394C102.529 67.5807 102.627 67.8093 102.627 68.08V69.06ZM110.954 67.1L110.1 67.94H107.734V69.06H109.694C109.965 69.06 110.194 69.158 110.38 69.354C110.576 69.5407 110.674 69.7693 110.674 70.04V71.02C110.674 71.2907 110.576 71.524 110.38 71.72C110.194 71.9067 109.965 72 109.694 72H106.754V71.16H109.694V69.9H107.734C107.464 69.9 107.23 69.8067 107.034 69.62C106.848 69.424 106.754 69.1907 106.754 68.92V68.08C106.754 67.8093 106.848 67.5807 107.034 67.394C107.23 67.198 107.464 67.1 107.734 67.1H110.954ZM116.619 67.1L115.765 67.94H113.399V71.16H116.339V72H113.399C113.129 72 112.895 71.9067 112.699 71.72C112.513 71.524 112.419 71.2907 112.419 71.02V68.08C112.419 67.8093 112.513 67.5807 112.699 67.394C112.895 67.198 113.129 67.1 113.399 67.1H116.619ZM122.641 72H121.661V67.94H118.721V72H117.741V64.86L118.721 63.88V67.8L119.421 67.1H121.661C121.932 67.1 122.16 67.198 122.347 67.394C122.543 67.5807 122.641 67.8093 122.641 68.08V72ZM129.501 71.02C129.501 71.2907 129.403 71.524 129.207 71.72C129.02 71.9067 128.792 72 128.521 72H125.581C125.31 72 125.077 71.9067 124.881 71.72C124.694 71.524 124.601 71.2907 124.601 71.02V68.08C124.601 67.8093 124.694 67.5807 124.881 67.394C125.077 67.198 125.31 67.1 125.581 67.1H128.521C128.792 67.1 129.02 67.198 129.207 67.394C129.403 67.5807 129.501 67.8093 129.501 68.08V71.02ZM128.521 71.16V67.94H125.581V71.16H128.521ZM136.364 71.02C136.364 71.2907 136.266 71.524 136.07 71.72C135.884 71.9067 135.655 72 135.384 72H132.444C132.174 72 131.94 71.9067 131.744 71.72C131.558 71.524 131.464 71.2907 131.464 71.02V68.08C131.464 67.8093 131.558 67.5807 131.744 67.394C131.94 67.198 132.174 67.1 132.444 67.1H135.384C135.655 67.1 135.884 67.198 136.07 67.394C136.266 67.5807 136.364 67.8093 136.364 68.08V71.02ZM135.384 71.16V67.94H132.444V71.16H135.384ZM139.448 72H138.468V64.86L139.448 63.88V72ZM145.544 67.1L144.69 67.94H142.324V69.06H144.284C144.555 69.06 144.784 69.158 144.97 69.354C145.166 69.5407 145.264 69.7693 145.264 70.04V71.02C145.264 71.2907 145.166 71.524 144.97 71.72C144.784 71.9067 144.555 72 144.284 72H141.344V71.16H144.284V69.9H142.324C142.054 69.9 141.82 69.8067 141.624 69.62C141.438 69.424 141.344 69.1907 141.344 68.92V68.08C141.344 67.8093 141.438 67.5807 141.624 67.394C141.82 67.198 142.054 67.1 142.324 67.1H145.544Z"
      fill="url(#paint1_linear_0_1)"
    />
  </g>
  <g filter="url(#filter15_d_0_1)">
    <path
      d="M45.9981 56.5394C46.0651 49.6358 44.3293 44.0219 42.1212 44.0001C39.913 43.9784 38.0687 49.5572 38.0019 56.4606C37.9349 63.3642 39.6707 68.9783 41.8788 68.9999C44.087 69.0217 45.9313 63.443 45.9981 56.5394Z"
      fill="#0500E6"
    />
    <path
      d="M45.9981 56.5394C46.0651 49.6358 44.3293 44.0219 42.1212 44.0001C39.913 43.9784 38.0687 49.5572 38.0019 56.4606C37.9349 63.3642 39.6707 68.9783 41.8788 68.9999C44.087 69.0217 45.9313 63.443 45.9981 56.5394Z"
      stroke="black"
      stroke-width="2"
      stroke-miterlimit="10"
    />
  </g>
  <g filter="url(#filter16_d_0_1)">
    <path
      d="M32.526 54.882C36.4909 48.6697 38.1264 42.5673 36.1791 41.2518C34.2316 39.9363 29.4388 43.9058 25.474 50.118C21.5091 56.3303 19.8736 62.4325 21.8209 63.7482C23.7684 65.0637 28.561 61.0942 32.526 54.882Z"
      fill="#0500E6"
    />
    <path
      d="M32.526 54.882C36.4909 48.6697 38.1264 42.5673 36.1791 41.2518C34.2316 39.9363 29.4388 43.9058 25.474 50.118C21.5091 56.3303 19.8736 62.4325 21.8209 63.7482C23.7684 65.0637 28.561 61.0942 32.526 54.882Z"
      stroke="black"
      stroke-width="2"
      stroke-miterlimit="10"
    />
  </g>
  <g filter="url(#filter17_d_0_1)">
    <path
      d="M21.7038 46.3151C28.2633 43.409 32.8179 39.3451 31.8769 37.238C30.936 35.1309 24.8557 35.7788 18.2962 38.6849C11.7368 41.591 7.18215 45.6549 8.12312 47.762C9.06408 49.8691 15.1444 49.2212 21.7038 46.3151Z"
      fill="#0500E6"
    />
    <path
      d="M21.7038 46.3151C28.2633 43.409 32.8179 39.3451 31.8769 37.238C30.936 35.1309 24.8557 35.7788 18.2962 38.6849C11.7368 41.591 7.18215 45.6549 8.12312 47.762C9.06408 49.8691 15.1444 49.2212 21.7038 46.3151Z"
      stroke="black"
      stroke-width="2"
      stroke-miterlimit="10"
    />
  </g>
  <g filter="url(#filter18_d_0_1)">
    <path
      d="M30.9837 31.4378C31.3397 29.1954 25.8152 26.51 18.6446 25.4398C11.4738 24.3695 5.37222 25.3199 5.01628 27.5623C4.66034 29.8047 10.1848 32.49 17.3556 33.5602C24.5262 34.6305 30.6279 33.6801 30.9837 31.4378Z"
      fill="#0500E6"
    />
    <path
      d="M30.9837 31.4378C31.3397 29.1954 25.8152 26.51 18.6446 25.4398C11.4738 24.3695 5.37222 25.3199 5.01628 27.5623C4.66034 29.8047 10.1848 32.49 17.3556 33.5602C24.5262 34.6305 30.6279 33.6801 30.9837 31.4378Z"
      stroke="black"
      stroke-width="2"
      stroke-miterlimit="10"
    />
  </g>
  <g filter="url(#filter19_d_0_1)">
    <path
      d="M33.6145 27.4523C35.128 25.749 32.0503 20.5838 26.7404 15.9157C21.4305 11.2475 15.899 8.84418 14.3855 10.5476C12.872 12.2511 15.9497 17.4163 21.2597 22.0844C26.5696 26.7526 32.1011 29.1558 33.6145 27.4523Z"
      fill="#0500E6"
    />
    <path
      d="M33.6145 27.4523C35.128 25.749 32.0503 20.5838 26.7404 15.9157C21.4305 11.2475 15.899 8.84418 14.3855 10.5476C12.872 12.2511 15.9497 17.4163 21.2597 22.0844C26.5696 26.7526 32.1011 29.1558 33.6145 27.4523Z"
      stroke="black"
      stroke-width="2"
      stroke-miterlimit="10"
    />
  </g>
  <g filter="url(#filter20_d_0_1)">
    <path
      d="M42.1274 24.9496C44.4106 24.3473 44.6375 18.509 42.6342 11.9095C40.6309 5.30992 37.1558 0.448158 34.8726 1.05043C32.5894 1.6527 32.3625 7.49093 34.3658 14.0906C36.3691 20.69 39.8442 25.5518 42.1274 24.9496Z"
      fill="#0500E6"
    />
    <path
      d="M42.1274 24.9496C44.4106 24.3473 44.6375 18.509 42.6342 11.9095C40.6309 5.30992 37.1558 0.448158 34.8726 1.05043C32.5894 1.6527 32.3625 7.49093 34.3658 14.0906C36.3691 20.69 39.8442 25.5518 42.1274 24.9496Z"
      stroke="black"
      stroke-width="2"
      stroke-miterlimit="10"
    />
  </g>
  <g filter="url(#filter21_d_0_1)">
    <path
      d="M56.3633 14.1723C58.6378 7.57707 58.5282 1.70571 56.1184 1.05828C53.7085 0.410826 49.9111 5.23246 47.6366 11.8277C45.3622 18.4229 45.4718 24.2943 47.8816 24.9417C50.2915 25.5891 54.0889 20.7676 56.3633 14.1723Z"
      fill="#0500E6"
    />
    <path
      d="M56.3633 14.1723C58.6378 7.57707 58.5282 1.70571 56.1184 1.05828C53.7085 0.410826 49.9111 5.23246 47.6366 11.8277C45.3622 18.4229 45.4718 24.2943 47.8816 24.9417C50.2915 25.5891 54.0889 20.7676 56.3633 14.1723Z"
      stroke="black"
      stroke-width="2"
      stroke-miterlimit="10"
    />
  </g>
  <g filter="url(#filter22_d_0_1)">
    <path
      d="M65.2738 22.1932C70.8654 17.5475 74.1563 12.3516 72.6242 10.5881C71.0922 8.82456 65.3175 11.1611 59.7261 15.8067C54.1346 20.4525 50.8438 25.6483 52.3758 27.4119C53.9077 29.1754 59.6825 26.839 65.2738 22.1932Z"
      fill="#0500E6"
    />
    <path
      d="M65.2738 22.1932C70.8654 17.5475 74.1563 12.3516 72.6242 10.5881C71.0922 8.82456 65.3175 11.1611 59.7261 15.8067C54.1346 20.4525 50.8438 25.6483 52.3758 27.4119C53.9077 29.1754 59.6825 26.839 65.2738 22.1932Z"
      stroke="black"
      stroke-width="2"
      stroke-miterlimit="10"
    />
  </g>
  <g filter="url(#filter23_d_0_1)">
    <path
      d="M66.5604 34.6937C73.7334 33.8475 79.2972 31.5077 78.9877 29.4677C78.6783 27.4277 72.6126 26.4601 65.4396 27.3062C58.2668 28.1525 52.7028 30.4922 53.0123 32.5323C53.3218 34.5722 59.3874 35.54 66.5604 34.6937Z"
      fill="#0500E6"
    />
    <path
      d="M66.5604 34.6937C73.7334 33.8475 79.2972 31.5077 78.9877 29.4677C78.6783 27.4277 72.6126 26.4601 65.4396 27.3062C58.2668 28.1525 52.7028 30.4922 53.0123 32.5323C53.3218 34.5722 59.3874 35.54 66.5604 34.6937Z"
      stroke="black"
      stroke-width="2"
      stroke-miterlimit="10"
    />
  </g>
  <g filter="url(#filter24_d_0_1)">
    <path
      d="M75.8636 48.8541C76.8539 46.8193 72.3452 42.7725 65.793 39.8155C59.241 36.8585 53.1267 36.111 52.1364 38.1458C51.1461 40.1808 55.6548 44.2275 62.207 47.1846C68.759 50.1414 74.8733 50.8891 75.8636 48.8541Z"
      fill="#0500E6"
    />
    <path
      d="M75.8636 48.8541C76.8539 46.8193 72.3452 42.7725 65.793 39.8155C59.241 36.8585 53.1267 36.111 52.1364 38.1458C51.1461 40.1808 55.6548 44.2275 62.207 47.1846C68.759 50.1414 74.8733 50.8891 75.8636 48.8541Z"
      stroke="black"
      stroke-width="2"
      stroke-miterlimit="10"
    />
  </g>
  <g filter="url(#filter25_d_0_1)">
    <path
      d="M62.1168 63.7785C64.1328 62.5714 62.5808 56.7671 58.6503 50.8143C54.7199 44.8615 49.8992 41.0145 47.8832 42.2215C45.8672 43.4285 47.4192 49.2328 51.3497 55.1856C55.2801 61.1384 60.1008 64.9856 62.1168 63.7785Z"
      fill="#0500E6"
    />
    <path
      d="M62.1168 63.7785C64.1328 62.5714 62.5808 56.7671 58.6503 50.8143C54.7199 44.8615 49.8992 41.0145 47.8832 42.2215C45.8672 43.4285 47.4192 49.2328 51.3497 55.1856C55.2801 61.1384 60.1008 64.9856 62.1168 63.7785Z"
      stroke="black"
      stroke-width="2"
      stroke-miterlimit="10"
    />
  </g>
  <defs>
    <filter
      id="filter0_d_0_1"
      x="82.8765"
      y="10.8182"
      width="87.7151"
      height="34.1818"
      filterUnits="userSpaceOnUse"
      color-interpolation-filters="sRGB"
    >
      <feFlood flood-opacity="0" result="BackgroundImageFix" />
      <feColorMatrix
        in="SourceAlpha"
        type="matrix"
        values="0 0 0 0 0 0 0 0 0 0 0 0 0 0 0 0 0 0 127 0"
        result="hardAlpha"
      />
      <feOffset dy="4" />
      <feGaussianBlur stdDeviation="2" />
      <feComposite in2="hardAlpha" operator="out" />
      <feColorMatrix
        type="matrix"
        values="0 0 0 0 0 0 0 0 0 0 0 0 0 0 0 0 0 0 0.25 0"
      />
      <feBlend
        mode="normal"
        in2="BackgroundImageFix"
        result="effect1_dropShadow_0_1"
      />
      <feBlend
        mode="normal"
        in="SourceGraphic"
        in2="effect1_dropShadow_0_1"
        result="shape"
      />
    </filter>
    <filter
      id="filter1_d_0_1"
      x="81.1187"
      y="47.4105"
      width="182.974"
      height="32.5895"
      filterUnits="userSpaceOnUse"
      color-interpolation-filters="sRGB"
    >
      <feFlood flood-opacity="0" result="BackgroundImageFix" />
      <feColorMatrix
        in="SourceAlpha"
        type="matrix"
        values="0 0 0 0 0 0 0 0 0 0 0 0 0 0 0 0 0 0 127 0"
        result="hardAlpha"
      />
      <feOffset dy="4" />
      <feGaussianBlur stdDeviation="2" />
      <feComposite in2="hardAlpha" operator="out" />
      <feColorMatrix
        type="matrix"
        values="0 0 0 0 0 0 0 0 0 0 0 0 0 0 0 0 0 0 0.25 0"
      />
      <feBlend
        mode="normal"
        in2="BackgroundImageFix"
        result="effect1_dropShadow_0_1"
      />
      <feBlend
        mode="normal"
        in="SourceGraphic"
        in2="effect1_dropShadow_0_1"
        result="shape"
      />
    </filter>
    <filter
      id="filter2_d_0_1"
      x="33"
      y="43"
      width="18"
      height="35"
      filterUnits="userSpaceOnUse"
      color-interpolation-filters="sRGB"
    >
      <feFlood flood-opacity="0" result="BackgroundImageFix" />
      <feColorMatrix
        in="SourceAlpha"
        type="matrix"
        values="0 0 0 0 0 0 0 0 0 0 0 0 0 0 0 0 0 0 127 0"
        result="hardAlpha"
      />
      <feOffset dy="4" />
      <feGaussianBlur stdDeviation="2" />
      <feComposite in2="hardAlpha" operator="out" />
      <feColorMatrix
        type="matrix"
        values="0 0 0 0 0 0 0 0 0 0 0 0 0 0 0 0 0 0 0.25 0"
      />
      <feBlend
        mode="normal"
        in2="BackgroundImageFix"
        result="effect1_dropShadow_0_1"
      />
      <feBlend
        mode="normal"
        in="SourceGraphic"
        in2="effect1_dropShadow_0_1"
        result="shape"
      />
    </filter>
    <filter
      id="filter3_d_0_1"
      x="16"
      y="40.0001"
      width="26"
      height="32.9998"
      filterUnits="userSpaceOnUse"
      color-interpolation-filters="sRGB"
    >
      <feFlood flood-opacity="0" result="BackgroundImageFix" />
      <feColorMatrix
        in="SourceAlpha"
        type="matrix"
        values="0 0 0 0 0 0 0 0 0 0 0 0 0 0 0 0 0 0 127 0"
        result="hardAlpha"
      />
      <feOffset dy="4" />
      <feGaussianBlur stdDeviation="2" />
      <feComposite in2="hardAlpha" operator="out" />
      <feColorMatrix
        type="matrix"
        values="0 0 0 0 0 0 0 0 0 0 0 0 0 0 0 0 0 0 0.25 0"
      />
      <feBlend
        mode="normal"
        in2="BackgroundImageFix"
        result="effect1_dropShadow_0_1"
      />
      <feBlend
        mode="normal"
        in="SourceGraphic"
        in2="effect1_dropShadow_0_1"
        result="shape"
      />
    </filter>
    <filter
      id="filter4_d_0_1"
      x="2.99927"
      y="35"
      width="34.0015"
      height="23"
      filterUnits="userSpaceOnUse"
      color-interpolation-filters="sRGB"
    >
      <feFlood flood-opacity="0" result="BackgroundImageFix" />
      <feColorMatrix
        in="SourceAlpha"
        type="matrix"
        values="0 0 0 0 0 0 0 0 0 0 0 0 0 0 0 0 0 0 127 0"
        result="hardAlpha"
      />
      <feOffset dy="4" />
      <feGaussianBlur stdDeviation="2" />
      <feComposite in2="hardAlpha" operator="out" />
      <feColorMatrix
        type="matrix"
        values="0 0 0 0 0 0 0 0 0 0 0 0 0 0 0 0 0 0 0.25 0"
      />
      <feBlend
        mode="normal"
        in2="BackgroundImageFix"
        result="effect1_dropShadow_0_1"
      />
      <feBlend
        mode="normal"
        in="SourceGraphic"
        in2="effect1_dropShadow_0_1"
        result="shape"
      />
    </filter>
    <filter
      id="filter5_d_0_1"
      x="-0.000488281"
      y="24"
      width="36.001"
      height="19"
      filterUnits="userSpaceOnUse"
      color-interpolation-filters="sRGB"
    >
      <feFlood flood-opacity="0" result="BackgroundImageFix" />
      <feColorMatrix
        in="SourceAlpha"
        type="matrix"
        values="0 0 0 0 0 0 0 0 0 0 0 0 0 0 0 0 0 0 127 0"
        result="hardAlpha"
      />
      <feOffset dy="4" />
      <feGaussianBlur stdDeviation="2" />
      <feComposite in2="hardAlpha" operator="out" />
      <feColorMatrix
        type="matrix"
        values="0 0 0 0 0 0 0 0 0 0 0 0 0 0 0 0 0 0 0.25 0"
      />
      <feBlend
        mode="normal"
        in2="BackgroundImageFix"
        result="effect1_dropShadow_0_1"
      />
      <feBlend
        mode="normal"
        in="SourceGraphic"
        in2="effect1_dropShadow_0_1"
        result="shape"
      />
    </filter>
    <filter
      id="filter6_d_0_1"
      x="9.00049"
      y="9.00024"
      width="29.999"
      height="27.9995"
      filterUnits="userSpaceOnUse"
      color-interpolation-filters="sRGB"
    >
      <feFlood flood-opacity="0" result="BackgroundImageFix" />
      <feColorMatrix
        in="SourceAlpha"
        type="matrix"
        values="0 0 0 0 0 0 0 0 0 0 0 0 0 0 0 0 0 0 127 0"
        result="hardAlpha"
      />
      <feOffset dy="4" />
      <feGaussianBlur stdDeviation="2" />
      <feComposite in2="hardAlpha" operator="out" />
      <feColorMatrix
        type="matrix"
        values="0 0 0 0 0 0 0 0 0 0 0 0 0 0 0 0 0 0 0.25 0"
      />
      <feBlend
        mode="normal"
        in2="BackgroundImageFix"
        result="effect1_dropShadow_0_1"
      />
      <feBlend
        mode="normal"
        in="SourceGraphic"
        in2="effect1_dropShadow_0_1"
        result="shape"
      />
    </filter>
    <filter
      id="filter7_d_0_1"
      x="28"
      y="-0.000671387"
      width="21"
      height="34.0013"
      filterUnits="userSpaceOnUse"
      color-interpolation-filters="sRGB"
    >
      <feFlood flood-opacity="0" result="BackgroundImageFix" />
      <feColorMatrix
        in="SourceAlpha"
        type="matrix"
        values="0 0 0 0 0 0 0 0 0 0 0 0 0 0 0 0 0 0 127 0"
        result="hardAlpha"
      />
      <feOffset dy="4" />
      <feGaussianBlur stdDeviation="2" />
      <feComposite in2="hardAlpha" operator="out" />
      <feColorMatrix
        type="matrix"
        values="0 0 0 0 0 0 0 0 0 0 0 0 0 0 0 0 0 0 0.25 0"
      />
      <feBlend
        mode="normal"
        in2="BackgroundImageFix"
        result="effect1_dropShadow_0_1"
      />
      <feBlend
        mode="normal"
        in="SourceGraphic"
        in2="effect1_dropShadow_0_1"
        result="shape"
      />
    </filter>
    <filter
      id="filter8_d_0_1"
      x="41"
      y="-0.000549316"
      width="22"
      height="34.0011"
      filterUnits="userSpaceOnUse"
      color-interpolation-filters="sRGB"
    >
      <feFlood flood-opacity="0" result="BackgroundImageFix" />
      <feColorMatrix
        in="SourceAlpha"
        type="matrix"
        values="0 0 0 0 0 0 0 0 0 0 0 0 0 0 0 0 0 0 127 0"
        result="hardAlpha"
      />
      <feOffset dy="4" />
      <feGaussianBlur stdDeviation="2" />
      <feComposite in2="hardAlpha" operator="out" />
      <feColorMatrix
        type="matrix"
        values="0 0 0 0 0 0 0 0 0 0 0 0 0 0 0 0 0 0 0.25 0"
      />
      <feBlend
        mode="normal"
        in2="BackgroundImageFix"
        result="effect1_dropShadow_0_1"
      />
      <feBlend
        mode="normal"
        in="SourceGraphic"
        in2="effect1_dropShadow_0_1"
        result="shape"
      />
    </filter>
    <filter
      id="filter9_d_0_1"
      x="47.0007"
      y="9.00012"
      width="30.9985"
      height="27.9998"
      filterUnits="userSpaceOnUse"
      color-interpolation-filters="sRGB"
    >
      <feFlood flood-opacity="0" result="BackgroundImageFix" />
      <feColorMatrix
        in="SourceAlpha"
        type="matrix"
        values="0 0 0 0 0 0 0 0 0 0 0 0 0 0 0 0 0 0 127 0"
        result="hardAlpha"
      />
      <feOffset dy="4" />
      <feGaussianBlur stdDeviation="2" />
      <feComposite in2="hardAlpha" operator="out" />
      <feColorMatrix
        type="matrix"
        values="0 0 0 0 0 0 0 0 0 0 0 0 0 0 0 0 0 0 0.25 0"
      />
      <feBlend
        mode="normal"
        in2="BackgroundImageFix"
        result="effect1_dropShadow_0_1"
      />
      <feBlend
        mode="normal"
        in="SourceGraphic"
        in2="effect1_dropShadow_0_1"
        result="shape"
      />
    </filter>
    <filter
      id="filter10_d_0_1"
      x="47.9993"
      y="26"
      width="36.0015"
      height="18"
      filterUnits="userSpaceOnUse"
      color-interpolation-filters="sRGB"
    >
      <feFlood flood-opacity="0" result="BackgroundImageFix" />
      <feColorMatrix
        in="SourceAlpha"
        type="matrix"
        values="0 0 0 0 0 0 0 0 0 0 0 0 0 0 0 0 0 0 127 0"
        result="hardAlpha"
      />
      <feOffset dy="4" />
      <feGaussianBlur stdDeviation="2" />
      <feComposite in2="hardAlpha" operator="out" />
      <feColorMatrix
        type="matrix"
        values="0 0 0 0 0 0 0 0 0 0 0 0 0 0 0 0 0 0 0.25 0"
      />
      <feBlend
        mode="normal"
        in2="BackgroundImageFix"
        result="effect1_dropShadow_0_1"
      />
      <feBlend
        mode="normal"
        in="SourceGraphic"
        in2="effect1_dropShadow_0_1"
        result="shape"
      />
    </filter>
    <filter
      id="filter11_d_0_1"
      x="46.9993"
      y="36"
      width="34.0015"
      height="23"
      filterUnits="userSpaceOnUse"
      color-interpolation-filters="sRGB"
    >
      <feFlood flood-opacity="0" result="BackgroundImageFix" />
      <feColorMatrix
        in="SourceAlpha"
        type="matrix"
        values="0 0 0 0 0 0 0 0 0 0 0 0 0 0 0 0 0 0 127 0"
        result="hardAlpha"
      />
      <feOffset dy="4" />
      <feGaussianBlur stdDeviation="2" />
      <feComposite in2="hardAlpha" operator="out" />
      <feColorMatrix
        type="matrix"
        values="0 0 0 0 0 0 0 0 0 0 0 0 0 0 0 0 0 0 0.25 0"
      />
      <feBlend
        mode="normal"
        in2="BackgroundImageFix"
        result="effect1_dropShadow_0_1"
      />
      <feBlend
        mode="normal"
        in="SourceGraphic"
        in2="effect1_dropShadow_0_1"
        result="shape"
      />
    </filter>
    <filter
      id="filter12_d_0_1"
      x="42"
      y="41"
      width="26"
      height="32"
      filterUnits="userSpaceOnUse"
      color-interpolation-filters="sRGB"
    >
      <feFlood flood-opacity="0" result="BackgroundImageFix" />
      <feColorMatrix
        in="SourceAlpha"
        type="matrix"
        values="0 0 0 0 0 0 0 0 0 0 0 0 0 0 0 0 0 0 127 0"
        result="hardAlpha"
      />
      <feOffset dy="4" />
      <feGaussianBlur stdDeviation="2" />
      <feComposite in2="hardAlpha" operator="out" />
      <feColorMatrix
        type="matrix"
        values="0 0 0 0 0 0 0 0 0 0 0 0 0 0 0 0 0 0 0.25 0"
      />
      <feBlend
        mode="normal"
        in2="BackgroundImageFix"
        result="effect1_dropShadow_0_1"
      />
      <feBlend
        mode="normal"
        in="SourceGraphic"
        in2="effect1_dropShadow_0_1"
        result="shape"
      />
    </filter>
    <filter
      id="filter13_d_0_1"
      x="82.8765"
      y="10.8182"
      width="87.7151"
      height="34.1818"
      filterUnits="userSpaceOnUse"
      color-interpolation-filters="sRGB"
    >
      <feFlood flood-opacity="0" result="BackgroundImageFix" />
      <feColorMatrix
        in="SourceAlpha"
        type="matrix"
        values="0 0 0 0 0 0 0 0 0 0 0 0 0 0 0 0 0 0 127 0"
        result="hardAlpha"
      />
      <feOffset dy="4" />
      <feGaussianBlur stdDeviation="2" />
      <feComposite in2="hardAlpha" operator="out" />
      <feColorMatrix
        type="matrix"
        values="0 0 0 0 0 0 0 0 0 0 0 0 0 0 0 0 0 0 0.25 0"
      />
      <feBlend
        mode="normal"
        in2="BackgroundImageFix"
        result="effect1_dropShadow_0_1"
      />
      <feBlend
        mode="normal"
        in="SourceGraphic"
        in2="effect1_dropShadow_0_1"
        result="shape"
      />
    </filter>
    <filter
      id="filter14_d_0_1"
      x="81.1187"
      y="47.4105"
      width="182.974"
      height="32.5895"
      filterUnits="userSpaceOnUse"
      color-interpolation-filters="sRGB"
    >
      <feFlood flood-opacity="0" result="BackgroundImageFix" />
      <feColorMatrix
        in="SourceAlpha"
        type="matrix"
        values="0 0 0 0 0 0 0 0 0 0 0 0 0 0 0 0 0 0 127 0"
        result="hardAlpha"
      />
      <feOffset dy="4" />
      <feGaussianBlur stdDeviation="2" />
      <feComposite in2="hardAlpha" operator="out" />
      <feColorMatrix
        type="matrix"
        values="0 0 0 0 0 0 0 0 0 0 0 0 0 0 0 0 0 0 0.25 0"
      />
      <feBlend
        mode="normal"
        in2="BackgroundImageFix"
        result="effect1_dropShadow_0_1"
      />
      <feBlend
        mode="normal"
        in="SourceGraphic"
        in2="effect1_dropShadow_0_1"
        result="shape"
      />
    </filter>
    <filter
      id="filter15_d_0_1"
      x="33"
      y="43"
      width="18"
      height="35"
      filterUnits="userSpaceOnUse"
      color-interpolation-filters="sRGB"
    >
      <feFlood flood-opacity="0" result="BackgroundImageFix" />
      <feColorMatrix
        in="SourceAlpha"
        type="matrix"
        values="0 0 0 0 0 0 0 0 0 0 0 0 0 0 0 0 0 0 127 0"
        result="hardAlpha"
      />
      <feOffset dy="4" />
      <feGaussianBlur stdDeviation="2" />
      <feComposite in2="hardAlpha" operator="out" />
      <feColorMatrix
        type="matrix"
        values="0 0 0 0 0 0 0 0 0 0 0 0 0 0 0 0 0 0 0.25 0"
      />
      <feBlend
        mode="normal"
        in2="BackgroundImageFix"
        result="effect1_dropShadow_0_1"
      />
      <feBlend
        mode="normal"
        in="SourceGraphic"
        in2="effect1_dropShadow_0_1"
        result="shape"
      />
    </filter>
    <filter
      id="filter16_d_0_1"
      x="16"
      y="40.0001"
      width="26"
      height="32.9998"
      filterUnits="userSpaceOnUse"
      color-interpolation-filters="sRGB"
    >
      <feFlood flood-opacity="0" result="BackgroundImageFix" />
      <feColorMatrix
        in="SourceAlpha"
        type="matrix"
        values="0 0 0 0 0 0 0 0 0 0 0 0 0 0 0 0 0 0 127 0"
        result="hardAlpha"
      />
      <feOffset dy="4" />
      <feGaussianBlur stdDeviation="2" />
      <feComposite in2="hardAlpha" operator="out" />
      <feColorMatrix
        type="matrix"
        values="0 0 0 0 0 0 0 0 0 0 0 0 0 0 0 0 0 0 0.25 0"
      />
      <feBlend
        mode="normal"
        in2="BackgroundImageFix"
        result="effect1_dropShadow_0_1"
      />
      <feBlend
        mode="normal"
        in="SourceGraphic"
        in2="effect1_dropShadow_0_1"
        result="shape"
      />
    </filter>
    <filter
      id="filter17_d_0_1"
      x="2.99927"
      y="35"
      width="34.0015"
      height="23"
      filterUnits="userSpaceOnUse"
      color-interpolation-filters="sRGB"
    >
      <feFlood flood-opacity="0" result="BackgroundImageFix" />
      <feColorMatrix
        in="SourceAlpha"
        type="matrix"
        values="0 0 0 0 0 0 0 0 0 0 0 0 0 0 0 0 0 0 127 0"
        result="hardAlpha"
      />
      <feOffset dy="4" />
      <feGaussianBlur stdDeviation="2" />
      <feComposite in2="hardAlpha" operator="out" />
      <feColorMatrix
        type="matrix"
        values="0 0 0 0 0 0 0 0 0 0 0 0 0 0 0 0 0 0 0.25 0"
      />
      <feBlend
        mode="normal"
        in2="BackgroundImageFix"
        result="effect1_dropShadow_0_1"
      />
      <feBlend
        mode="normal"
        in="SourceGraphic"
        in2="effect1_dropShadow_0_1"
        result="shape"
      />
    </filter>
    <filter
      id="filter18_d_0_1"
      x="-0.000488281"
      y="24"
      width="36.001"
      height="19"
      filterUnits="userSpaceOnUse"
      color-interpolation-filters="sRGB"
    >
      <feFlood flood-opacity="0" result="BackgroundImageFix" />
      <feColorMatrix
        in="SourceAlpha"
        type="matrix"
        values="0 0 0 0 0 0 0 0 0 0 0 0 0 0 0 0 0 0 127 0"
        result="hardAlpha"
      />
      <feOffset dy="4" />
      <feGaussianBlur stdDeviation="2" />
      <feComposite in2="hardAlpha" operator="out" />
      <feColorMatrix
        type="matrix"
        values="0 0 0 0 0 0 0 0 0 0 0 0 0 0 0 0 0 0 0.25 0"
      />
      <feBlend
        mode="normal"
        in2="BackgroundImageFix"
        result="effect1_dropShadow_0_1"
      />
      <feBlend
        mode="normal"
        in="SourceGraphic"
        in2="effect1_dropShadow_0_1"
        result="shape"
      />
    </filter>
    <filter
      id="filter19_d_0_1"
      x="9.00049"
      y="9.00024"
      width="29.999"
      height="27.9995"
      filterUnits="userSpaceOnUse"
      color-interpolation-filters="sRGB"
    >
      <feFlood flood-opacity="0" result="BackgroundImageFix" />
      <feColorMatrix
        in="SourceAlpha"
        type="matrix"
        values="0 0 0 0 0 0 0 0 0 0 0 0 0 0 0 0 0 0 127 0"
        result="hardAlpha"
      />
      <feOffset dy="4" />
      <feGaussianBlur stdDeviation="2" />
      <feComposite in2="hardAlpha" operator="out" />
      <feColorMatrix
        type="matrix"
        values="0 0 0 0 0 0 0 0 0 0 0 0 0 0 0 0 0 0 0.25 0"
      />
      <feBlend
        mode="normal"
        in2="BackgroundImageFix"
        result="effect1_dropShadow_0_1"
      />
      <feBlend
        mode="normal"
        in="SourceGraphic"
        in2="effect1_dropShadow_0_1"
        result="shape"
      />
    </filter>
    <filter
      id="filter20_d_0_1"
      x="28"
      y="-0.000671387"
      width="21"
      height="34.0013"
      filterUnits="userSpaceOnUse"
      color-interpolation-filters="sRGB"
    >
      <feFlood flood-opacity="0" result="BackgroundImageFix" />
      <feColorMatrix
        in="SourceAlpha"
        type="matrix"
        values="0 0 0 0 0 0 0 0 0 0 0 0 0 0 0 0 0 0 127 0"
        result="hardAlpha"
      />
      <feOffset dy="4" />
      <feGaussianBlur stdDeviation="2" />
      <feComposite in2="hardAlpha" operator="out" />
      <feColorMatrix
        type="matrix"
        values="0 0 0 0 0 0 0 0 0 0 0 0 0 0 0 0 0 0 0.25 0"
      />
      <feBlend
        mode="normal"
        in2="BackgroundImageFix"
        result="effect1_dropShadow_0_1"
      />
      <feBlend
        mode="normal"
        in="SourceGraphic"
        in2="effect1_dropShadow_0_1"
        result="shape"
      />
    </filter>
    <filter
      id="filter21_d_0_1"
      x="41"
      y="-0.000549316"
      width="22"
      height="34.0011"
      filterUnits="userSpaceOnUse"
      color-interpolation-filters="sRGB"
    >
      <feFlood flood-opacity="0" result="BackgroundImageFix" />
      <feColorMatrix
        in="SourceAlpha"
        type="matrix"
        values="0 0 0 0 0 0 0 0 0 0 0 0 0 0 0 0 0 0 127 0"
        result="hardAlpha"
      />
      <feOffset dy="4" />
      <feGaussianBlur stdDeviation="2" />
      <feComposite in2="hardAlpha" operator="out" />
      <feColorMatrix
        type="matrix"
        values="0 0 0 0 0 0 0 0 0 0 0 0 0 0 0 0 0 0 0.25 0"
      />
      <feBlend
        mode="normal"
        in2="BackgroundImageFix"
        result="effect1_dropShadow_0_1"
      />
      <feBlend
        mode="normal"
        in="SourceGraphic"
        in2="effect1_dropShadow_0_1"
        result="shape"
      />
    </filter>
    <filter
      id="filter22_d_0_1"
      x="47.0007"
      y="9.00012"
      width="30.9985"
      height="27.9998"
      filterUnits="userSpaceOnUse"
      color-interpolation-filters="sRGB"
    >
      <feFlood flood-opacity="0" result="BackgroundImageFix" />
      <feColorMatrix
        in="SourceAlpha"
        type="matrix"
        values="0 0 0 0 0 0 0 0 0 0 0 0 0 0 0 0 0 0 127 0"
        result="hardAlpha"
      />
      <feOffset dy="4" />
      <feGaussianBlur stdDeviation="2" />
      <feComposite in2="hardAlpha" operator="out" />
      <feColorMatrix
        type="matrix"
        values="0 0 0 0 0 0 0 0 0 0 0 0 0 0 0 0 0 0 0.25 0"
      />
      <feBlend
        mode="normal"
        in2="BackgroundImageFix"
        result="effect1_dropShadow_0_1"
      />
      <feBlend
        mode="normal"
        in="SourceGraphic"
        in2="effect1_dropShadow_0_1"
        result="shape"
      />
    </filter>
    <filter
      id="filter23_d_0_1"
      x="47.9993"
      y="26"
      width="36.0015"
      height="18"
      filterUnits="userSpaceOnUse"
      color-interpolation-filters="sRGB"
    >
      <feFlood flood-opacity="0" result="BackgroundImageFix" />
      <feColorMatrix
        in="SourceAlpha"
        type="matrix"
        values="0 0 0 0 0 0 0 0 0 0 0 0 0 0 0 0 0 0 127 0"
        result="hardAlpha"
      />
      <feOffset dy="4" />
      <feGaussianBlur stdDeviation="2" />
      <feComposite in2="hardAlpha" operator="out" />
      <feColorMatrix
        type="matrix"
        values="0 0 0 0 0 0 0 0 0 0 0 0 0 0 0 0 0 0 0.25 0"
      />
      <feBlend
        mode="normal"
        in2="BackgroundImageFix"
        result="effect1_dropShadow_0_1"
      />
      <feBlend
        mode="normal"
        in="SourceGraphic"
        in2="effect1_dropShadow_0_1"
        result="shape"
      />
    </filter>
    <filter
      id="filter24_d_0_1"
      x="46.9993"
      y="36"
      width="34.0015"
      height="23"
      filterUnits="userSpaceOnUse"
      color-interpolation-filters="sRGB"
    >
      <feFlood flood-opacity="0" result="BackgroundImageFix" />
      <feColorMatrix
        in="SourceAlpha"
        type="matrix"
        values="0 0 0 0 0 0 0 0 0 0 0 0 0 0 0 0 0 0 127 0"
        result="hardAlpha"
      />
      <feOffset dy="4" />
      <feGaussianBlur stdDeviation="2" />
      <feComposite in2="hardAlpha" operator="out" />
      <feColorMatrix
        type="matrix"
        values="0 0 0 0 0 0 0 0 0 0 0 0 0 0 0 0 0 0 0.25 0"
      />
      <feBlend
        mode="normal"
        in2="BackgroundImageFix"
        result="effect1_dropShadow_0_1"
      />
      <feBlend
        mode="normal"
        in="SourceGraphic"
        in2="effect1_dropShadow_0_1"
        result="shape"
      />
    </filter>
    <filter
      id="filter25_d_0_1"
      x="42"
      y="41"
      width="26"
      height="32"
      filterUnits="userSpaceOnUse"
      color-interpolation-filters="sRGB"
    >
      <feFlood flood-opacity="0" result="BackgroundImageFix" />
      <feColorMatrix
        in="SourceAlpha"
        type="matrix"
        values="0 0 0 0 0 0 0 0 0 0 0 0 0 0 0 0 0 0 127 0"
        result="hardAlpha"
      />
      <feOffset dy="4" />
      <feGaussianBlur stdDeviation="2" />
      <feComposite in2="hardAlpha" operator="out" />
      <feColorMatrix
        type="matrix"
        values="0 0 0 0 0 0 0 0 0 0 0 0 0 0 0 0 0 0 0.25 0"
      />
      <feBlend
        mode="normal"
        in2="BackgroundImageFix"
        result="effect1_dropShadow_0_1"
      />
      <feBlend
        mode="normal"
        in="SourceGraphic"
        in2="effect1_dropShadow_0_1"
        result="shape"
      />
    </filter>
    <linearGradient
      id="paint0_linear_0_1"
      x1="172.5"
      y1="44"
      x2="172.5"
      y2="93"
      gradientUnits="userSpaceOnUse"
    >
      <stop offset="0.530612" stop-color="#343283" />
      <stop offset="1" stop-color="#0500E6" stop-opacity="0" />
    </linearGradient>
    <linearGradient
      id="paint1_linear_0_1"
      x1="172.5"
      y1="44"
      x2="172.5"
      y2="93"
      gradientUnits="userSpaceOnUse"
    >
      <stop offset="0.530612" stop-color="#343283" />
      <stop offset="1" stop-color="#0500E6" stop-opacity="0" />
    </linearGradient>
  </defs>
</svg>
